40.0000
120.0000
200.0000
280.0000
360.0000
440.0000
520.0000
600.0000
680.0000
760.0000
840.0000
920.0000
1000.0000
1080.0000
1160.0000
1240.0000
1320.0000
1400.0000
1480.0000
1560.0000
1640.0000
1720.0000
1800.0000
1880.0000
1960.0000
2040.0000
2120.0000
2200.0000
2280.0000
2360.0000
2440.0000
2520.0000
2600.0000
2680.0000
2760.0000
2840.0000
2920.0000
3000.0000
3080.0000
3160.0000
3240.0000
3320.0000
3400.0000
3480.0000
3560.0000
3640.0000
3720.0000
3800.0000
3880.0000
3960.0000
4040.0000
4120.0000
4200.0000
4280.0000
4360.0000
4440.0000
4520.0000
4600.0000
4680.0000
4760.0000
4840.0000
4920.0000
5000.0000
5080.0000
5160.0000
5240.0000
5320.0000
5400.0000
5480.0000
5560.0000
5640.0000
5720.0000
5800.0000
5880.0000
5960.0000
6040.0000
6120.0000
6200.0000
6280.0000
6360.0000
6440.0000
6520.0000
6600.0000
6680.0000
6760.0000
6840.0000
6920.0000
7000.0000
7080.0000
7160.0000
7240.0000
7320.0000
7400.0000
7480.0000
7560.0000
7640.0000
7720.0000
7800.0000
7880.0000
7960.0000
8040.0000
8120.0000
8200.0000
8280.0000
8360.0000
8440.0000
8520.0000
8600.0000
8680.0000
8760.0000
8840.0000
8920.0000
9000.0000
9080.0000
9160.0000
9240.0000
9320.0000
9400.0000
9480.0000
9560.0000
9640.0000
9720.0000
9800.0000
9880.0000
9960.0000
10040.0000
10120.0000
10200.0000
10280.0000
10360.0000
10440.0000
10520.0000
10600.0000
10680.0000
10760.0000
10840.0000
10920.0000
11000.0000
11080.0000
11160.0000
11240.0000
11320.0000
11400.0000
11480.0000
11560.0000
11640.0000
11720.0000
11800.0000
11880.0000
11960.0000
12040.0000
12120.0000
12200.0000
12280.0000
12360.0000
12440.0000
12520.0000
12600.0000
12680.0000
12760.0000
12840.0000
12920.0000
13000.0000
13080.0000
13160.0000
13240.0000
13320.0000
13400.0000
13480.0000
13560.0000
13640.0000
13720.0000
13800.0000
13880.0000
13960.0000
14040.0000
14120.0000
14200.0000
14280.0000
14360.0000
14440.0000
14520.0000
14600.0000
14680.0000
14760.0000
14840.0000
14920.0000
15000.0000
15080.0000
15160.0000
15240.0000
15320.0000
15400.0000
15480.0000
15560.0000
15640.0000
15720.0000
15800.0000
15880.0000
15960.0000
16040.0000
16120.0000
16200.0000
16280.0000
16360.0000
16440.0000
16520.0000
16600.0000
16680.0000
16760.0000
16840.0000
16920.0000
17000.0000
17080.0000
17160.0000
17240.0000
17320.0000
17400.0000
17480.0000
17560.0000
17640.0000
17720.0000
17800.0000
17880.0000
17960.0000
18040.0000
18120.0000
18200.0000
18280.0000
18360.0000
18440.0000
18520.0000
18600.0000
18680.0000
18760.0000
18840.0000
18920.0000
19000.0000
19080.0000
19160.0000
19240.0000
19320.0000
19720.0000
19800.0000
19880.0000
19960.0000
20040.0000
20120.0000
20200.0000
20280.0000
20360.0000
20440.0000
20520.0000
20600.0000
20680.0000
20760.0000
20840.0000
20920.0000
21000.0000
21080.0000
21160.0000
21240.0000
21320.0000
21400.0000
21480.0000
21560.0000
21640.0000
21720.0000
21800.0000
21880.0000
21960.0000
22040.0000
22120.0000
22200.0000
22280.0000
22360.0000
22440.0000
22520.0000
22600.0000
22680.0000
22760.0000
22840.0000
22920.0000
23000.0000
23080.0000
23160.0000
23240.0000
23320.0000
23400.0000
23480.0000
23560.0000
23640.0000
23720.0000
23800.0000
23880.0000
23960.0000
24040.0000
24120.0000
24200.0000
24280.0000
24360.0000
24440.0000
24520.0000
24600.0000
24680.0000
24760.0000
24840.0000
24920.0000
25000.0000
25080.0000
25160.0000
25240.0000
25320.0000
25400.0000
25480.0000
25560.0000
25640.0000
25720.0000
25800.0000
25880.0000
25960.0000
26040.0000
26120.0000
26200.0000
26280.0000
26360.0000
26440.0000
26520.0000
26600.0000
26680.0000
26760.0000
26840.0000
26920.0000
27000.0000
27080.0000
27160.0000
27240.0000
27320.0000
27400.0000
27480.0000
27560.0000
27640.0000
27720.0000
27800.0000
27880.0000
27960.0000
28040.0000
28120.0000
28200.0000
28280.0000
28360.0000
28440.0000
28520.0000
28600.0000
28680.0000
28760.0000
28840.0000
28920.0000
29000.0000
29080.0000
29160.0000
29240.0000
29320.0000
29400.0000
29480.0000
29560.0000
29640.0000
29720.0000
29800.0000
30040.0000
30120.0000
30200.0000
30280.0000
30360.0000
30440.0000
30520.0000
30600.0000
30680.0000
30760.0000
30840.0000
30920.0000
31000.0000
31080.0000
31160.0000
31240.0000
31320.0000
31400.0000
31480.0000
31560.0000
31640.0000
31720.0000
31800.0000
31880.0000
31960.0000
32040.0000
32120.0000
32200.0000
32280.0000
32360.0000
32440.0000
32520.0000
32600.0000
32680.0000
32760.0000
32840.0000
32920.0000
33000.0000
33080.0000
33160.0000
33240.0000
33320.0000
33400.0000
33480.0000
33560.0000
33640.0000
33720.0000
33800.0000
33880.0000
33960.0000
34040.0000
34120.0000
34200.0000
34280.0000
34360.0000
34440.0000
34520.0000
34600.0000
34680.0000
34760.0000
34840.0000
34920.0000
35000.0000
35080.0000
35160.0000
35240.0000
35320.0000
35400.0000
35480.0000
35560.0000
35640.0000
35720.0000
35800.0000
35880.0000
35960.0000
36040.0000
36120.0000
36200.0000
36280.0000
36360.0000
36440.0000
36520.0000
36600.0000
36680.0000
36760.0000
36840.0000
36920.0000
37000.0000
37080.0000
37160.0000
37240.0000
37320.0000
37400.0000
37480.0000
37560.0000
37640.0000
37720.0000
37800.0000
37880.0000
37960.0000
38040.0000
38120.0000
38200.0000
38280.0000
38360.0000
38440.0000
38520.0000
38600.0000
38680.0000
38760.0000
38840.0000
38920.0000
39000.0000
39080.0000
39160.0000
39240.0000
39320.0000
39400.0000
39480.0000
39560.0000
39640.0000
39720.0000
39800.0000
39880.0000
39960.0000
40040.0000
40120.0000
40200.0000
40280.0000
40360.0000
40440.0000
40520.0000
40600.0000
40680.0000
40760.0000
40840.0000
40920.0000
41000.0000
41080.0000
41160.0000
41240.0000
41320.0000
41400.0000
41480.0000
41560.0000
41640.0000
41720.0000
41800.0000
41880.0000
41960.0000
42040.0000
42120.0000
42200.0000
42280.0000
42360.0000
42440.0000
42520.0000
42600.0000
42680.0000
42760.0000
42840.0000
42920.0000
43000.0000
43080.0000
43160.0000
43240.0000
43320.0000
43400.0000
43480.0000
43560.0000
43640.0000
43720.0000
43800.0000
43880.0000
43960.0000
44040.0000
44120.0000
44200.0000
44280.0000
44360.0000
44440.0000
44520.0000
44600.0000
44680.0000
44760.0000
44840.0000
44920.0000
45000.0000
45080.0000
45160.0000
45240.0000
45320.0000
45400.0000
45480.0000
45560.0000
45640.0000
45720.0000
45800.0000
45880.0000
45960.0000
46040.0000
46120.0000
46200.0000
46280.0000
46360.0000
46440.0000
46520.0000
46600.0000
46680.0000
46760.0000
46840.0000
46920.0000
47000.0000
47080.0000
47160.0000
47240.0000
47320.0000
47400.0000
47480.0000
47560.0000
47640.0000
47720.0000
47800.0000
47880.0000
47960.0000
48040.0000
48120.0000
48200.0000
48280.0000
48360.0000
48440.0000
48520.0000
48600.0000
48680.0000
48760.0000
48840.0000
48920.0000
49000.0000
49080.0000
49160.0000
49240.0000
49320.0000
49400.0000
49480.0000
49560.0000
49640.0000
49720.0000
49800.0000
49880.0000
49960.0000
50040.0000
50120.0000
50200.0000
50280.0000
50360.0000
50440.0000
50520.0000
50600.0000
50680.0000
50760.0000
50840.0000
50920.0000
51000.0000
51080.0000
51160.0000
51240.0000
51320.0000
51400.0000
51480.0000
51560.0000
51640.0000
51720.0000
51800.0000
51880.0000
51960.0000
52040.0000
52120.0000
52200.0000
52280.0000
52360.0000
52440.0000
52520.0000
52600.0000
52680.0000
52760.0000
52840.0000
52920.0000
53000.0000
53080.0000
53160.0000
53240.0000
53320.0000
53400.0000
53480.0000
53560.0000
53640.0000
53720.0000
53800.0000
53880.0000
53960.0000
54040.0000
54120.0000
54200.0000
54280.0000
54360.0000
54440.0000
54520.0000
54600.0000
54680.0000
54760.0000
54840.0000
54920.0000
55000.0000
55080.0000
55160.0000
55240.0000
55320.0000
55400.0000
55480.0000
55560.0000
55640.0000
55720.0000
55800.0000
55880.0000
55960.0000
56040.0000
56120.0000
56200.0000
56280.0000
56360.0000
56440.0000
56520.0000
56600.0000
56680.0000
56760.0000
56840.0000
56920.0000
57000.0000
57080.0000
57160.0000
57240.0000
57320.0000
57400.0000
57480.0000
57560.0000
57640.0000
57720.0000
57800.0000
57880.0000
57960.0000
58040.0000
58120.0000
58200.0000
58280.0000
58360.0000
58440.0000
58520.0000
58600.0000
58680.0000
58760.0000
58840.0000
58920.0000
59000.0000
59080.0000
59160.0000
59240.0000
59320.0000
59400.0000
59480.0000
59560.0000
59640.0000
59720.0000
59800.0000
59880.0000
59960.0000
60040.0000
60120.0000
60200.0000
60280.0000
60360.0000
60440.0000
60520.0000
60600.0000
60680.0000
60760.0000
60840.0000
60920.0000
61000.0000
61080.0000
61160.0000
61240.0000
61320.0000
61400.0000
61480.0000
61560.0000
61640.0000
61720.0000
61800.0000
61880.0000
61960.0000
62040.0000
62120.0000
62200.0000
62280.0000
62360.0000
62440.0000
62520.0000
62600.0000
62680.0000
62760.0000
62840.0000
62920.0000
63000.0000
63080.0000
63160.0000
63240.0000
63320.0000
63400.0000
63480.0000
63560.0000
63640.0000
63720.0000
63800.0000
63880.0000
63960.0000
64040.0000
64120.0000
64200.0000
64280.0000
64360.0000
64440.0000
64520.0000
64600.0000
64680.0000
64760.0000
64840.0000
64920.0000
65000.0000
65080.0000
65160.0000
65240.0000
65320.0000
65400.0000
65480.0000
65560.0000
65640.0000
65720.0000
65800.0000
65880.0000
65960.0000
66040.0000
66120.0000
66200.0000
66280.0000
66360.0000
66440.0000
66520.0000
66600.0000
66680.0000
66760.0000
66840.0000
66920.0000
67000.0000
67080.0000
67160.0000
67240.0000
67320.0000
67400.0000
67480.0000
67560.0000
67640.0000
67720.0000
67800.0000
67880.0000
67960.0000
68040.0000
68120.0000
68200.0000
68280.0000
68360.0000
68440.0000
68520.0000
68600.0000
68680.0000
68760.0000
68840.0000
68920.0000
69000.0000
69080.0000
69160.0000
69240.0000
69320.0000
69400.0000
69480.0000
69560.0000
69640.0000
69720.0000
69800.0000
69880.0000
69960.0000
70040.0000
70120.0000
70200.0000
70280.0000
70360.0000
70440.0000
70520.0000
70600.0000
70680.0000
70760.0000
71080.0000
71160.0000
71240.0000
71320.0000
71400.0000
71480.0000
71560.0000
71640.0000
71720.0000
71880.0000
71960.0000
72040.0000
72120.0000
72200.0000
72280.0000
72360.0000
72440.0000
72600.0000
72680.0000
72760.0000
72840.0000
72920.0000
73000.0000
73080.0000
73160.0000
73240.0000
73320.0000
73400.0000
73480.0000
73560.0000
73640.0000
73720.0000
73800.0000
73880.0000
73960.0000
74040.0000
74120.0000
74200.0000
74280.0000
74360.0000
74440.0000
74520.0000
74600.0000
74680.0000
74760.0000
74840.0000
74920.0000
75000.0000
75080.0000
75160.0000
75240.0000
75320.0000
75400.0000
75480.0000
75560.0000
75640.0000
75720.0000
75800.0000
75880.0000
75960.0000
76040.0000
76120.0000
76200.0000
76280.0000
76360.0000
76440.0000
76520.0000
76600.0000
76680.0000
76760.0000
76840.0000
76920.0000
77000.0000
77080.0000
77160.0000
77240.0000
77320.0000
77400.0000
77480.0000
77560.0000
77640.0000
77720.0000
77800.0000
77880.0000
77960.0000
78040.0000
78120.0000
78200.0000
78280.0000
78360.0000
78440.0000
78520.0000
78600.0000
78680.0000
78760.0000
78840.0000
78920.0000
79000.0000
79080.0000
79160.0000
79240.0000
79320.0000
79400.0000
79480.0000
79560.0000
79640.0000
79720.0000
79800.0000
79880.0000
79960.0000
80040.0000
80120.0000
80200.0000
80280.0000
80360.0000
80440.0000
80520.0000
80600.0000
80680.0000
80760.0000
80840.0000
80920.0000
81000.0000
81080.0000
81160.0000
81240.0000
81320.0000
81400.0000
81480.0000
81560.0000
81640.0000
81720.0000
81800.0000
81880.0000
81960.0000
82040.0000
82120.0000
82200.0000
82280.0000
82360.0000
82440.0000
82520.0000
82600.0000
82680.0000
82760.0000
82840.0000
85720.0000
85800.0000
85880.0000
85960.0000
86040.0000
86120.0000
86200.0000
86280.0000
86360.0000
86440.0000
86520.0000
86600.0000
86680.0000
86760.0000
86840.0000
86920.0000
87000.0000
87080.0000
87160.0000
87240.0000
87320.0000
87400.0000
87480.0000
87560.0000
87640.0000
87720.0000
87800.0000
87880.0000
87960.0000
88040.0000
88120.0000
88200.0000
88280.0000
88360.0000
88440.0000
88520.0000
88600.0000
88680.0000
88760.0000
88840.0000
88920.0000
89000.0000
89080.0000
89160.0000
89240.0000
89320.0000
89400.0000
89480.0000
89560.0000
89640.0000
89720.0000
89800.0000
89880.0000
89960.0000
90040.0000
90120.0000
90200.0000
90280.0000
90360.0000
90440.0000
90520.0000
90600.0000
90680.0000
90760.0000
90840.0000
90920.0000
91000.0000
91080.0000
91160.0000
91240.0000
91320.0000
91400.0000
91480.0000
91560.0000
91640.0000
91720.0000
91800.0000
91880.0000
91960.0000
92040.0000
92120.0000
92200.0000
92280.0000
92360.0000
92440.0000
92520.0000
92600.0000
92680.0000
92760.0000
92840.0000
92920.0000
93000.0000
93080.0000
93160.0000
93240.0000
93320.0000
93400.0000
93480.0000
93560.0000
93640.0000
93720.0000
93800.0000
93880.0000
93960.0000
94040.0000
94120.0000
94200.0000
94280.0000
94360.0000
94440.0000
94520.0000
94600.0000
94680.0000
94760.0000
94840.0000
94920.0000
95000.0000
95080.0000
95160.0000
95240.0000
95320.0000
95400.0000
95480.0000
95560.0000
95640.0000
95720.0000
95800.0000
95880.0000
95960.0000
96040.0000
96120.0000
96200.0000
96280.0000
96360.0000
96440.0000
96520.0000
96600.0000
96680.0000
96760.0000
96840.0000
96920.0000
97000.0000
97080.0000
97160.0000
97240.0000
97320.0000
97400.0000
97480.0000
97560.0000
97640.0000
97720.0000
97800.0000
97880.0000
97960.0000
98040.0000
98120.0000
98200.0000
98280.0000
98360.0000
98440.0000
98520.0000
98600.0000
98680.0000
98760.0000
98840.0000
98920.0000
99000.0000
99080.0000
99160.0000
99240.0000
99320.0000
99400.0000
99480.0000
99560.0000
99640.0000
99720.0000
99800.0000
99880.0000
99960.0000
100040.0000
100120.0000
100200.0000
100280.0000
100360.0000
100440.0000
100520.0000
100600.0000
100680.0000
100760.0000
100840.0000
100920.0000
101000.0000
101080.0000
101160.0000
101240.0000
101320.0000
101400.0000
101480.0000
101560.0000
101640.0000
101720.0000
101800.0000
101880.0000
101960.0000
102040.0000
102120.0000
102200.0000
102280.0000
102360.0000
102440.0000
102520.0000
102600.0000
102680.0000
102760.0000
102840.0000
102920.0000
103000.0000
103080.0000
103160.0000
103240.0000
103320.0000
103400.0000
103480.0000
103560.0000
103640.0000
103720.0000
103800.0000
103880.0000
103960.0000
104040.0000
104120.0000
104200.0000
104280.0000
104360.0000
104440.0000
104520.0000
104600.0000
104680.0000
104760.0000
104840.0000
104920.0000
105000.0000
105080.0000
105160.0000
105240.0000
105320.0000
105400.0000
105480.0000
105560.0000
105640.0000
105720.0000
105800.0000
105880.0000
105960.0000
106040.0000
106120.0000
106200.0000
106280.0000
106360.0000
106440.0000
106520.0000
106600.0000
106680.0000
106760.0000
106840.0000
106920.0000
107000.0000
107080.0000
107160.0000
107240.0000
107320.0000
107400.0000
107480.0000
107560.0000
107640.0000
107720.0000
107800.0000
107880.0000
107960.0000
108040.0000
108120.0000
108200.0000
108280.0000
108360.0000
108440.0000
108520.0000
108600.0000
108680.0000
108760.0000
108840.0000
108920.0000
109000.0000
109080.0000
109160.0000
109240.0000
109320.0000
109400.0000
109480.0000
109560.0000
109640.0000
109720.0000
109800.0000
109880.0000
109960.0000
110040.0000
110120.0000
110200.0000
110280.0000
110360.0000
110440.0000
110520.0000
110600.0000
110680.0000
110760.0000
110840.0000
110920.0000
111000.0000
111080.0000
111160.0000
111240.0000
111320.0000
111400.0000
111480.0000
111560.0000
111640.0000
111720.0000
111800.0000
111880.0000
111960.0000
112040.0000
112120.0000
112200.0000
112280.0000
112360.0000
112440.0000
112520.0000
112600.0000
112680.0000
112760.0000
112840.0000
112920.0000
113000.0000
113080.0000
113160.0000
113240.0000
113320.0000
113400.0000
113480.0000
113560.0000
113640.0000
113720.0000
113800.0000
113880.0000
113960.0000
114040.0000
114120.0000
114200.0000
114280.0000
114360.0000
114440.0000
114520.0000
114600.0000
114680.0000
114760.0000
114840.0000
114920.0000
115000.0000
115080.0000
115160.0000
115560.0000
115640.0000
115720.0000
115800.0000
115880.0000
115960.0000
116040.0000
116120.0000
116200.0000
116280.0000
116360.0000
116440.0000
116520.0000
116600.0000
116680.0000
116760.0000
116840.0000
116920.0000
117000.0000
117080.0000
117160.0000
117240.0000
117320.0000
117400.0000
117480.0000
117560.0000
117640.0000
117720.0000
117800.0000
117880.0000
117960.0000
118040.0000
118120.0000
118200.0000
118280.0000
118360.0000
118440.0000
118520.0000
118600.0000
118680.0000
118760.0000
118840.0000
118920.0000
119000.0000
119080.0000
119160.0000
119240.0000
119320.0000
119400.0000
119480.0000
119560.0000
119640.0000
119720.0000
119800.0000
119880.0000
119960.0000
120040.0000
120120.0000
120200.0000
120280.0000
120360.0000
120440.0000
120520.0000
120600.0000
120680.0000
120760.0000
120840.0000
120920.0000
121000.0000
121080.0000
121160.0000
121240.0000
121320.0000
121400.0000
121480.0000
121560.0000
121640.0000
121720.0000
121800.0000
121880.0000
121960.0000
122040.0000
122120.0000
122200.0000
122280.0000
122360.0000
122440.0000
122520.0000
122600.0000
122680.0000
122760.0000
122840.0000
122920.0000
123000.0000
123080.0000
123160.0000
123240.0000
123320.0000
123400.0000
123480.0000
123560.0000
123640.0000
123720.0000
123800.0000
123880.0000
123960.0000
124040.0000
124120.0000
124200.0000
124280.0000
124360.0000
124440.0000
124520.0000
124600.0000
124680.0000
124760.0000
124840.0000
124920.0000
125000.0000
125080.0000
125160.0000
125240.0000
125320.0000
125400.0000
125480.0000
125560.0000
125640.0000
125720.0000
125800.0000
125880.0000
125960.0000
126040.0000
126120.0000
126200.0000
126280.0000
126360.0000
126440.0000
126520.0000
126600.0000
126680.0000
126760.0000
126840.0000
126920.0000
127000.0000
127080.0000
127160.0000
127240.0000
127320.0000
127400.0000
127480.0000
127560.0000
127640.0000
127720.0000
127800.0000
127880.0000
127960.0000
128040.0000
128120.0000
128200.0000
128280.0000
128360.0000
128440.0000
128520.0000
128600.0000
128680.0000
128760.0000
128840.0000
128920.0000
129000.0000
129080.0000
129160.0000
129240.0000
129320.0000
129400.0000
129480.0000
129560.0000
129640.0000
129720.0000
129800.0000
129880.0000
129960.0000
130040.0000
130120.0000
130200.0000
130280.0000
130360.0000
130440.0000
130520.0000
130600.0000
130680.0000
130760.0000
130840.0000
130920.0000
131000.0000
131080.0000
131160.0000
131240.0000
131320.0000
131400.0000
131480.0000
131560.0000
131640.0000
131720.0000
131800.0000
131880.0000
131960.0000
132040.0000
132120.0000
132200.0000
132280.0000
132360.0000
132440.0000
132520.0000
132600.0000
132680.0000
132760.0000
132840.0000
132920.0000
133000.0000
133080.0000
133160.0000
133240.0000
133320.0000
133400.0000
133480.0000
133560.0000
133640.0000
133720.0000
133800.0000
133880.0000
133960.0000
134040.0000
134120.0000
134200.0000
134280.0000
134360.0000
134440.0000
134520.0000
134600.0000
134680.0000
134760.0000
134840.0000
134920.0000
135000.0000
135080.0000
135160.0000
135240.0000
135320.0000
135400.0000
135480.0000
135560.0000
135640.0000
135720.0000
135800.0000
135880.0000
135960.0000
136040.0000
136120.0000
136200.0000
136280.0000
136360.0000
136440.0000
136520.0000
136600.0000
136680.0000
136760.0000
136840.0000
136920.0000
137000.0000
137080.0000
137160.0000
137240.0000
137320.0000
137400.0000
137480.0000
137560.0000
137640.0000
137720.0000
137800.0000
137880.0000
137960.0000
138040.0000
138120.0000
138200.0000
138280.0000
138360.0000
138440.0000
138520.0000
138600.0000
138680.0000
138760.0000
138840.0000
138920.0000
139000.0000
139080.0000
139160.0000
139240.0000
139320.0000
139400.0000
139480.0000
139560.0000
139640.0000
139720.0000
139800.0000
139880.0000
139960.0000
140040.0000
140120.0000
140200.0000
140280.0000
140360.0000
140440.0000
140520.0000
140600.0000
140680.0000
140760.0000
140840.0000
140920.0000
141000.0000
141080.0000
141160.0000
141240.0000
141320.0000
141400.0000
141480.0000
141560.0000
141640.0000
141720.0000
141800.0000
141880.0000
141960.0000
142040.0000
142120.0000
142200.0000
142280.0000
142360.0000
142440.0000
142520.0000
142600.0000
142680.0000
142760.0000
142840.0000
142920.0000
143000.0000
143080.0000
143160.0000
143240.0000
143320.0000
143400.0000
143480.0000
143560.0000
143640.0000
143720.0000
143800.0000
143880.0000
143960.0000
144040.0000
144120.0000
144200.0000
144280.0000
144360.0000
144440.0000
144520.0000
144600.0000
144680.0000
144760.0000
144840.0000
144920.0000
145000.0000
145080.0000
145160.0000
145240.0000
145320.0000
145400.0000
145480.0000
145560.0000
145640.0000
145720.0000
145800.0000
145880.0000
145960.0000
146040.0000
146120.0000
146200.0000
146280.0000
146360.0000
146440.0000
146520.0000
146600.0000
146680.0000
146760.0000
146840.0000
146920.0000
147000.0000
147080.0000
147160.0000
147240.0000
147320.0000
147400.0000
147480.0000
147560.0000
147640.0000
147720.0000
147800.0000
147880.0000
147960.0000
148040.0000
148120.0000
148200.0000
148280.0000
148360.0000
148440.0000
148520.0000
148600.0000
148680.0000
148760.0000
148840.0000
148920.0000
149000.0000
149080.0000
149160.0000
149240.0000
149320.0000
149400.0000
149480.0000
149560.0000
149640.0000
149720.0000
149800.0000
149880.0000
149960.0000
150040.0000
150120.0000
150200.0000
150280.0000
150360.0000
150440.0000
150520.0000
150600.0000
150680.0000
150760.0000
150840.0000
150920.0000
151000.0000
151080.0000
151160.0000
151240.0000
151320.0000
151400.0000
151480.0000
151560.0000
151640.0000
151720.0000
151800.0000
151880.0000
151960.0000
152040.0000
152120.0000
152200.0000
152280.0000
152360.0000
152440.0000
152520.0000
152600.0000
152680.0000
152760.0000
152840.0000
152920.0000
153000.0000
153080.0000
153160.0000
153240.0000
153320.0000
153400.0000
153480.0000
153560.0000
153640.0000
153720.0000
153800.0000
153880.0000
153960.0000
154040.0000
154120.0000
154200.0000
154280.0000
154360.0000
154440.0000
154520.0000
154600.0000
154680.0000
154760.0000
154840.0000
154920.0000
155000.0000
155080.0000
155160.0000
155240.0000
155320.0000
155400.0000
155480.0000
155560.0000
155640.0000
155720.0000
155800.0000
155880.0000
155960.0000
156040.0000
156120.0000
156200.0000
156280.0000
156360.0000
156440.0000
156520.0000
156600.0000
156680.0000
156760.0000
156840.0000
156920.0000
157000.0000
157080.0000
157160.0000
157240.0000
157320.0000
157400.0000
157480.0000
157560.0000
157640.0000
157720.0000
157800.0000
157880.0000
157960.0000
158040.0000
158120.0000
158200.0000
158280.0000
158360.0000
158440.0000
158520.0000
158600.0000
158680.0000
158760.0000
158840.0000
158920.0000
159000.0000
159080.0000
159160.0000
159240.0000
159320.0000
159400.0000
159480.0000
159560.0000
159640.0000
159720.0000
159800.0000
159880.0000
159960.0000
160040.0000
160120.0000
160200.0000
160280.0000
160360.0000
160440.0000
160520.0000
160600.0000
160680.0000
160760.0000
160840.0000
160920.0000
161000.0000
161080.0000
161160.0000
161240.0000
161320.0000
161400.0000
161480.0000
161560.0000
161640.0000
161720.0000
161800.0000
161880.0000
161960.0000
162040.0000
162120.0000
165640.0000
165720.0000
165800.0000
165880.0000
165960.0000
166040.0000
166120.0000
166200.0000
166280.0000
166360.0000
166440.0000
166520.0000
166600.0000
166680.0000
166760.0000
166840.0000
166920.0000
167000.0000
167080.0000
167160.0000
167240.0000
167320.0000
167400.0000
167480.0000
167560.0000
167640.0000
167720.0000
167800.0000
167880.0000
167960.0000
168040.0000
168120.0000
168200.0000
168280.0000
168360.0000
168440.0000
168520.0000
168600.0000
168680.0000
168760.0000
168840.0000
168920.0000
169000.0000
169080.0000
169160.0000
169240.0000
169320.0000
169400.0000
169480.0000
169560.0000
169640.0000
169720.0000
169800.0000
169880.0000
169960.0000
170040.0000
170120.0000
170200.0000
170280.0000
170360.0000
170440.0000
170520.0000
170600.0000
170680.0000
170760.0000
170840.0000
170920.0000
171000.0000
171080.0000
171160.0000
171240.0000
171320.0000
171400.0000
171480.0000
171560.0000
171640.0000
171720.0000
171800.0000
171880.0000
171960.0000
172040.0000
172120.0000
172200.0000
172280.0000
172360.0000
172440.0000
172520.0000
172600.0000
172680.0000
172760.0000
172840.0000
172920.0000
173000.0000
173080.0000
173160.0000
173240.0000
173320.0000
173400.0000
173480.0000
173560.0000
173640.0000
173720.0000
173800.0000
173880.0000
173960.0000
174040.0000
174120.0000
174200.0000
174280.0000
174360.0000
174440.0000
174520.0000
174600.0000
174680.0000
174760.0000
174840.0000
174920.0000
175000.0000
175080.0000
175160.0000
175240.0000
175320.0000
175400.0000
175480.0000
175560.0000
175640.0000
175720.0000
175800.0000
175880.0000
175960.0000
176040.0000
176120.0000
176200.0000
176280.0000
176360.0000
176440.0000
176520.0000
176600.0000
176680.0000
176760.0000
176840.0000
176920.0000
177000.0000
177080.0000
177160.0000
177240.0000
177320.0000
177400.0000
177480.0000
177560.0000
177640.0000
177720.0000
177800.0000
177880.0000
177960.0000
178040.0000
178120.0000
178200.0000
178280.0000
178360.0000
178440.0000
178520.0000
178600.0000
178680.0000
178760.0000
178840.0000
178920.0000
179000.0000
179080.0000
179160.0000
179240.0000
179320.0000
179400.0000
179480.0000
179560.0000
179640.0000
179720.0000
179800.0000
179880.0000
179960.0000
180040.0000
180120.0000
180200.0000
180280.0000
180360.0000
180440.0000
180520.0000
180600.0000
180680.0000
180760.0000
180840.0000
180920.0000
181000.0000
181080.0000
181160.0000
181240.0000
181320.0000
181400.0000
181480.0000
181560.0000
181640.0000
181720.0000
181800.0000
181880.0000
181960.0000
182040.0000
182120.0000
182200.0000
182280.0000
182360.0000
182440.0000
182520.0000
182600.0000
182680.0000
182760.0000
182840.0000
182920.0000
183000.0000
183080.0000
183160.0000
183240.0000
183320.0000
183400.0000
183480.0000
183560.0000
183640.0000
183720.0000
183800.0000
183880.0000
183960.0000
184040.0000
184120.0000
184200.0000
184280.0000
184360.0000
184440.0000
184520.0000
184600.0000
184680.0000
184760.0000
184840.0000
184920.0000
185000.0000
185080.0000
185160.0000
185240.0000
185320.0000
185400.0000
185480.0000
185560.0000
185640.0000
185720.0000
185800.0000
185880.0000
185960.0000
186040.0000
186120.0000
186200.0000
186280.0000
186360.0000
186440.0000
186520.0000
186600.0000
186680.0000
186760.0000
186840.0000
186920.0000
187000.0000
187080.0000
187160.0000
187240.0000
187320.0000
187400.0000
187480.0000
187560.0000
187640.0000
187720.0000
187800.0000
187880.0000
187960.0000
188040.0000
188120.0000
188200.0000
188280.0000
188360.0000
188440.0000
188520.0000
188600.0000
188680.0000
188760.0000
188840.0000
188920.0000
189000.0000
189080.0000
189160.0000
189240.0000
189320.0000
189400.0000
189480.0000
189560.0000
189640.0000
189720.0000
189800.0000
189880.0000
189960.0000
190040.0000
190120.0000
190200.0000
190280.0000
190360.0000
190440.0000
190520.0000
190600.0000
190680.0000
190760.0000
190840.0000
190920.0000
191000.0000
191080.0000
191160.0000
191240.0000
191320.0000
191400.0000
191480.0000
191560.0000
191640.0000
191720.0000
191800.0000
191880.0000
191960.0000
192040.0000
192120.0000
192200.0000
192280.0000
192360.0000
192440.0000
192520.0000
192600.0000
192680.0000
192760.0000
192840.0000
192920.0000
193000.0000
193080.0000
193160.0000
193240.0000
193320.0000
193400.0000
193480.0000
193560.0000
193640.0000
193720.0000
193800.0000
193880.0000
193960.0000
194040.0000
194120.0000
194200.0000
194280.0000
194360.0000
194440.0000
194520.0000
194600.0000
194680.0000
194760.0000
194840.0000
194920.0000
195000.0000
195080.0000
195160.0000
195240.0000
195320.0000
195400.0000
195480.0000
195560.0000
195640.0000
195720.0000
195800.0000
195880.0000
195960.0000
196040.0000
196120.0000
196200.0000
196280.0000
196360.0000
196440.0000
196520.0000
196600.0000
196680.0000
196760.0000
196840.0000
196920.0000
197000.0000
197080.0000
197160.0000
197240.0000
197320.0000
197400.0000
197480.0000
197560.0000
197640.0000
197720.0000
197800.0000
197880.0000
197960.0000
198040.0000
198120.0000
198200.0000
198280.0000
198360.0000
198440.0000
198520.0000
198600.0000
198680.0000
198760.0000
198840.0000
198920.0000
199000.0000
199080.0000
199160.0000
199240.0000
199320.0000
199400.0000
199480.0000
199560.0000
199640.0000
199720.0000
199800.0000
199880.0000
199960.0000
200040.0000
200120.0000
200200.0000
200280.0000
200360.0000
200440.0000
200520.0000
200600.0000
200680.0000
200760.0000
200840.0000
200920.0000
201000.0000
201080.0000
201160.0000
201240.0000
201320.0000
201400.0000
201480.0000
201560.0000
201640.0000
201720.0000
201800.0000
201880.0000
201960.0000
202040.0000
202120.0000
202200.0000
202280.0000
202360.0000
202440.0000
202520.0000
202600.0000
202680.0000
202760.0000
202840.0000
202920.0000
203000.0000
203080.0000
203160.0000
203240.0000
203320.0000
203400.0000
203480.0000
203560.0000
203640.0000
203720.0000
203800.0000
203880.0000
203960.0000
204040.0000
204120.0000
204200.0000
204280.0000
204360.0000
204440.0000
204520.0000
204600.0000
204680.0000
204760.0000
204840.0000
204920.0000
205000.0000
205080.0000
205160.0000
205240.0000
205320.0000
205400.0000
205480.0000
205560.0000
205640.0000
205720.0000
205800.0000
205880.0000
205960.0000
206040.0000
206120.0000
206200.0000
206280.0000
206360.0000
206440.0000
206520.0000
206600.0000
206680.0000
206760.0000
206840.0000
206920.0000
207000.0000
207080.0000
207160.0000
207240.0000
207320.0000
207400.0000
207480.0000
207560.0000
207640.0000
207720.0000
207800.0000
207880.0000
207960.0000
208040.0000
208120.0000
208200.0000
208280.0000
208360.0000
208440.0000
208520.0000
208600.0000
208680.0000
208760.0000
208840.0000
208920.0000
209000.0000
209080.0000
209160.0000
209240.0000
209320.0000
209400.0000
209480.0000
209560.0000
209640.0000
209720.0000
209800.0000
209880.0000
209960.0000
210040.0000
210120.0000
210200.0000
210280.0000
210360.0000
210440.0000
210520.0000
210600.0000
210680.0000
210760.0000
210840.0000
210920.0000
211000.0000
211080.0000
211160.0000
211240.0000
211320.0000
211400.0000
211480.0000
211560.0000
211640.0000
211720.0000
211800.0000
211880.0000
211960.0000
212040.0000
212120.0000
212200.0000
212280.0000
212360.0000
212440.0000
212520.0000
212600.0000
212680.0000
212760.0000
212840.0000
212920.0000
213000.0000
213080.0000
213160.0000
213240.0000
213320.0000
213400.0000
213480.0000
213560.0000
213640.0000
213720.0000
213800.0000
213880.0000
213960.0000
214040.0000
214120.0000
214200.0000
214280.0000
214360.0000
214440.0000
214520.0000
214600.0000
214680.0000
214760.0000
214840.0000
214920.0000
215000.0000
215080.0000
215160.0000
215240.0000
215320.0000
215400.0000
215480.0000
215560.0000
215640.0000
215720.0000
215800.0000
215880.0000
215960.0000
216040.0000
216120.0000
216200.0000
216280.0000
216360.0000
216440.0000
216520.0000
216600.0000
216680.0000
216760.0000
216840.0000
216920.0000
217000.0000
217080.0000
217160.0000
217240.0000
217320.0000
217400.0000
217480.0000
217560.0000
217640.0000
217720.0000
217800.0000
217880.0000
217960.0000
218040.0000
218120.0000
218200.0000
218280.0000
218360.0000
218440.0000
218520.0000
218600.0000
218680.0000
218760.0000
218840.0000
218920.0000
219000.0000
219080.0000
219160.0000
219240.0000
219320.0000
219400.0000
219480.0000
219560.0000
219640.0000
219720.0000
219800.0000
219880.0000
219960.0000
220040.0000
220120.0000
220200.0000
220280.0000
220360.0000
220440.0000
220520.0000
220600.0000
220680.0000
220760.0000
220840.0000
220920.0000
221000.0000
221080.0000
221160.0000
221240.0000
221320.0000
221400.0000
221480.0000
221560.0000
221640.0000
221720.0000
221800.0000
221880.0000
221960.0000
222040.0000
222120.0000
222200.0000
222280.0000
222360.0000
222440.0000
222520.0000
222600.0000
222680.0000
222760.0000
222840.0000
222920.0000
223000.0000
223080.0000
223160.0000
223240.0000
223320.0000
223400.0000
223480.0000
223560.0000
223640.0000
223720.0000
223800.0000
223880.0000
223960.0000
224040.0000
224120.0000
224200.0000
224280.0000
224360.0000
224440.0000
224520.0000
224600.0000
224680.0000
224760.0000
224840.0000
224920.0000
225000.0000
225080.0000
225160.0000
225240.0000
225320.0000
225400.0000
225480.0000
225560.0000
225640.0000
225720.0000
225800.0000
225880.0000
225960.0000
226040.0000
226120.0000
226200.0000
226280.0000
226360.0000
226440.0000
226520.0000
226600.0000
226680.0000
226760.0000
226840.0000
226920.0000
227000.0000
227080.0000
227160.0000
227240.0000
227320.0000
227400.0000
227480.0000
227560.0000
227640.0000
227720.0000
227800.0000
227880.0000
227960.0000
228040.0000
228120.0000
228200.0000
228280.0000
228360.0000
228440.0000
228520.0000
228600.0000
228680.0000
228760.0000
228840.0000
228920.0000
229000.0000
229080.0000
229160.0000
229240.0000
229320.0000
229400.0000
229480.0000
229560.0000
229640.0000
229720.0000
229800.0000
229880.0000
229960.0000
230040.0000
230120.0000
230200.0000
230280.0000
230360.0000
230440.0000
230520.0000
230600.0000
230680.0000
230760.0000
230840.0000
230920.0000
231000.0000
231080.0000
231160.0000
231240.0000
231320.0000
231400.0000
231480.0000
231560.0000
231640.0000
231720.0000
231800.0000
231880.0000
231960.0000
232040.0000
232120.0000
232200.0000
232280.0000
232360.0000
232440.0000
232520.0000
232600.0000
232680.0000
232760.0000
232840.0000
232920.0000
233000.0000
233080.0000
233160.0000
233240.0000
233320.0000
233400.0000
233480.0000
233560.0000
233640.0000
233720.0000
233800.0000
233880.0000
233960.0000
234040.0000
234120.0000
234200.0000
234280.0000
234360.0000
234440.0000
234520.0000
234600.0000
234680.0000
234760.0000
234840.0000
234920.0000
235000.0000
235080.0000
235160.0000
235240.0000
235320.0000
235400.0000
235480.0000
235560.0000
235640.0000
235720.0000
235800.0000
235880.0000
235960.0000
236040.0000
236120.0000
236200.0000
236280.0000
236360.0000
236440.0000
236520.0000
236600.0000
236680.0000
236760.0000
236840.0000
236920.0000
237000.0000
237080.0000
237160.0000
237240.0000
237320.0000
237400.0000
237480.0000
237560.0000
237640.0000
237720.0000
237800.0000
237880.0000
237960.0000
238040.0000
238120.0000
238200.0000
238280.0000
238360.0000
238440.0000
238520.0000
238600.0000
238680.0000
238760.0000
238840.0000
238920.0000
239000.0000
239080.0000
239160.0000
239240.0000
239320.0000
239400.0000
239480.0000
239560.0000
239640.0000
239720.0000
239800.0000
239880.0000
239960.0000
240040.0000
240120.0000
240200.0000
240280.0000
240360.0000
240440.0000
240520.0000
240600.0000
240680.0000
240760.0000
240840.0000
240920.0000
241000.0000
241080.0000
241160.0000
241240.0000
241320.0000
241400.0000
241480.0000
241560.0000
241640.0000
241720.0000
241800.0000
241880.0000
241960.0000
242040.0000
242120.0000
242200.0000
242280.0000
242360.0000
242440.0000
242520.0000
242600.0000
242680.0000
242760.0000
242840.0000
242920.0000
243000.0000
243080.0000
243160.0000
243240.0000
243320.0000
243400.0000
243480.0000
243560.0000
243640.0000
243720.0000
243800.0000
243880.0000
243960.0000
244040.0000
244120.0000
244200.0000
244280.0000
244360.0000
244440.0000
244520.0000
244600.0000
244680.0000
244760.0000
244840.0000
244920.0000
245000.0000
245080.0000
245160.0000
245240.0000
245320.0000
245400.0000
245480.0000
245560.0000
245640.0000
245720.0000
245800.0000
245880.0000
245960.0000
246040.0000
246120.0000
246200.0000
246280.0000
246360.0000
246440.0000
246520.0000
246600.0000
246680.0000
246760.0000
246840.0000
246920.0000
247000.0000
247080.0000
247160.0000
247240.0000
247320.0000
247400.0000
247480.0000
247560.0000
247640.0000
247720.0000
247800.0000
247880.0000
247960.0000
248040.0000
248120.0000
248200.0000
248280.0000
248360.0000
248440.0000
248520.0000
248600.0000
248680.0000
248760.0000
248840.0000
248920.0000
249000.0000
249080.0000
249160.0000
249240.0000
249320.0000
249400.0000
249480.0000
249560.0000
249640.0000
249720.0000
249800.0000
249880.0000
249960.0000
250040.0000
250120.0000
250200.0000
250280.0000
250360.0000
250440.0000
250520.0000
250600.0000
250680.0000
250760.0000
250840.0000
250920.0000
251000.0000
251080.0000
251160.0000
251240.0000
251320.0000
251400.0000
251480.0000
251560.0000
251640.0000
251720.0000
251800.0000
251880.0000
251960.0000
252040.0000
252120.0000
252200.0000
252280.0000
252360.0000
252440.0000
252520.0000
252600.0000
252680.0000
252760.0000
252840.0000
252920.0000
253000.0000
253080.0000
253160.0000
253240.0000
253320.0000
253400.0000
253480.0000
253560.0000
253640.0000
253720.0000
253800.0000
253880.0000
253960.0000
254040.0000
254120.0000
254200.0000
254280.0000
254360.0000
254440.0000
254520.0000
254600.0000
254680.0000
254760.0000
254840.0000
254920.0000
255000.0000
255080.0000
255160.0000
255240.0000
255320.0000
255400.0000
255480.0000
255560.0000
255640.0000
255720.0000
255800.0000
255880.0000
255960.0000
256040.0000
256120.0000
256200.0000
256280.0000
256360.0000
256440.0000
256520.0000
256600.0000
256680.0000
256760.0000
256840.0000
256920.0000
257000.0000
257080.0000
257160.0000
257240.0000
257320.0000
257400.0000
257480.0000
257560.0000
257640.0000
257720.0000
257800.0000
257880.0000
257960.0000
258040.0000
258120.0000
258200.0000
258280.0000
258360.0000
258440.0000
258520.0000
258600.0000
258680.0000
258760.0000
258840.0000
258920.0000
259000.0000
259080.0000
259160.0000
259240.0000
259320.0000
259400.0000
259480.0000
259560.0000
259640.0000
259720.0000
259800.0000
259880.0000
259960.0000
260040.0000
260120.0000
260200.0000
260280.0000
260360.0000
260440.0000
260520.0000
260600.0000
260680.0000
260760.0000
260840.0000
260920.0000
261000.0000
261080.0000
261160.0000
261240.0000
261320.0000
261400.0000
261480.0000
261560.0000
261640.0000
261720.0000
261800.0000
261880.0000
261960.0000
262040.0000
262120.0000
262200.0000
262280.0000
262360.0000
262440.0000
262520.0000
262600.0000
262680.0000
262760.0000
262840.0000
262920.0000
263000.0000
263080.0000
263160.0000
263240.0000
263320.0000
263400.0000
263480.0000
263560.0000
263640.0000
263720.0000
263800.0000
263880.0000
263960.0000
264040.0000
264120.0000
264200.0000
264280.0000
264360.0000
264440.0000
264520.0000
264600.0000
264680.0000
264760.0000
264840.0000
264920.0000
265000.0000
265080.0000
265160.0000
265240.0000
265320.0000
265400.0000
265480.0000
265560.0000
265640.0000
265720.0000
265800.0000
265880.0000
265960.0000
266040.0000
266120.0000
266200.0000
266280.0000
266360.0000
266440.0000
266520.0000
266600.0000
266680.0000
266760.0000
266840.0000
266920.0000
267000.0000
267080.0000
267160.0000
267240.0000
267320.0000
267400.0000
267480.0000
267560.0000
267640.0000
267720.0000
267800.0000
267880.0000
267960.0000
268040.0000
268120.0000
268200.0000
268280.0000
268360.0000
268440.0000
268520.0000
268600.0000
268680.0000
268760.0000
268840.0000
268920.0000
269000.0000
269080.0000
269160.0000
269240.0000
269320.0000
269400.0000
269480.0000
269560.0000
269640.0000
269720.0000
269800.0000
269880.0000
269960.0000
270040.0000
270120.0000
270200.0000
270280.0000
270360.0000
270440.0000
270520.0000
270600.0000
270680.0000
270760.0000
270840.0000
270920.0000
271000.0000
271080.0000
271160.0000
271240.0000
271320.0000
271400.0000
271480.0000
271560.0000
271640.0000
271720.0000
271800.0000
271880.0000
271960.0000
272040.0000
272120.0000
272200.0000
272280.0000
272360.0000
272440.0000
272520.0000
272600.0000
272680.0000
272760.0000
272840.0000
272920.0000
273000.0000
273080.0000
273160.0000
273240.0000
273320.0000
273400.0000
273480.0000
273560.0000
273640.0000
273720.0000
273800.0000
273880.0000
273960.0000
274040.0000
274120.0000
274200.0000
274280.0000
274360.0000
274440.0000
274520.0000
274600.0000
274680.0000
274760.0000
274840.0000
274920.0000
275000.0000
275080.0000
275160.0000
275240.0000
275320.0000
275400.0000
275480.0000
275560.0000
275640.0000
275720.0000
275800.0000
275880.0000
275960.0000
276040.0000
276120.0000
276200.0000
276280.0000
276360.0000
276440.0000
281320.0000
281400.0000
281480.0000
281560.0000
281640.0000
281720.0000
281800.0000
281880.0000
281960.0000
282040.0000
282120.0000
282200.0000
282280.0000
282360.0000
282440.0000
282520.0000
282600.0000
282680.0000
282760.0000
282840.0000
282920.0000
283000.0000
283080.0000
283160.0000
283240.0000
283320.0000
283400.0000
283480.0000
283560.0000
283640.0000
283720.0000
283800.0000
283880.0000
283960.0000
284040.0000
284120.0000
284200.0000
284280.0000
284360.0000
284440.0000
284520.0000
284600.0000
284680.0000
284760.0000
284840.0000
284920.0000
285000.0000
285080.0000
285160.0000
285240.0000
285320.0000
285400.0000
285480.0000
285560.0000
285640.0000
285720.0000
285800.0000
285880.0000
285960.0000
286040.0000
286120.0000
286200.0000
286280.0000
286360.0000
286440.0000
286520.0000
286600.0000
286680.0000
286760.0000
286840.0000
286920.0000
287000.0000
287080.0000
287160.0000
287240.0000
287320.0000
287400.0000
287480.0000
287560.0000
287640.0000
287720.0000
287800.0000
287880.0000
287960.0000
288040.0000
288120.0000
288200.0000
288280.0000
288360.0000
288440.0000
288520.0000
288600.0000
288680.0000
288760.0000
288840.0000
288920.0000
289000.0000
289080.0000
289160.0000
289240.0000
289320.0000
289400.0000
289480.0000
289560.0000
289640.0000
289720.0000
289800.0000
289880.0000
289960.0000
290040.0000
290120.0000
290200.0000
290280.0000
290360.0000
290440.0000
290520.0000
290600.0000
290680.0000
290760.0000
290840.0000
290920.0000
291000.0000
291080.0000
291160.0000
291240.0000
291320.0000
291400.0000
291480.0000
291560.0000
291640.0000
291720.0000
291800.0000
291880.0000
291960.0000
292040.0000
292120.0000
292200.0000
292280.0000
292360.0000
292440.0000
292520.0000
292600.0000
292680.0000
292760.0000
292840.0000
292920.0000
293000.0000
293080.0000
293160.0000
293240.0000
293320.0000
293400.0000
293480.0000
293560.0000
293640.0000
293720.0000
293800.0000
293880.0000
293960.0000
294040.0000
294120.0000
294200.0000
294280.0000
294360.0000
294440.0000
294520.0000
294600.0000
294680.0000
294760.0000
294840.0000
294920.0000
295000.0000
295080.0000
295160.0000
295240.0000
295320.0000
295400.0000
295480.0000
295560.0000
295640.0000
295720.0000
295800.0000
295880.0000
295960.0000
296040.0000
296120.0000
296200.0000
296280.0000
296360.0000
296440.0000
296520.0000
296600.0000
296680.0000
296760.0000
296840.0000
296920.0000
297000.0000
297080.0000
297160.0000
297240.0000
297320.0000
297400.0000
297480.0000
297560.0000
297640.0000
297720.0000
297800.0000
297880.0000
297960.0000
298040.0000
298120.0000
298200.0000
298280.0000
298360.0000
298440.0000
298520.0000
298600.0000
298680.0000
298760.0000
298840.0000
298920.0000
299000.0000
299080.0000
299160.0000
299240.0000
299320.0000
299400.0000
299480.0000
299560.0000
299640.0000
299720.0000
299800.0000
299880.0000
299960.0000
300040.0000
300120.0000
300200.0000
300280.0000
300360.0000
300440.0000
300520.0000
300600.0000
300680.0000
300760.0000
300840.0000
300920.0000
301000.0000
301080.0000
301160.0000
301240.0000
301320.0000
301400.0000
301480.0000
301560.0000
301640.0000
301720.0000
301800.0000
301880.0000
301960.0000
302040.0000
302120.0000
302200.0000
302280.0000
302360.0000
302440.0000
302520.0000
302600.0000
302680.0000
302760.0000
302840.0000
302920.0000
303000.0000
303080.0000
303160.0000
303240.0000
303320.0000
303400.0000
303480.0000
303560.0000
303640.0000
303720.0000
303800.0000
303880.0000
303960.0000
304040.0000
304120.0000
304200.0000
304280.0000
304360.0000
304440.0000
304520.0000
304600.0000
304680.0000
304760.0000
304840.0000
304920.0000
305000.0000
305080.0000
305160.0000
305240.0000
305320.0000
305400.0000
305480.0000
305560.0000
305640.0000
305720.0000
305800.0000
305880.0000
305960.0000
306040.0000
306120.0000
306200.0000
306280.0000
306360.0000
306440.0000
306520.0000
306600.0000
306680.0000
306760.0000
306840.0000
306920.0000
307000.0000
307080.0000
307160.0000
307240.0000
307320.0000
307400.0000
307480.0000
307560.0000
307640.0000
307720.0000
307800.0000
307880.0000
307960.0000
308040.0000
308120.0000
308200.0000
308280.0000
308360.0000
308440.0000
308520.0000
308600.0000
308680.0000
308760.0000
308840.0000
308920.0000
309000.0000
309080.0000
309160.0000
309240.0000
309320.0000
309400.0000
309480.0000
309560.0000
309640.0000
309720.0000
309800.0000
309880.0000
309960.0000
310040.0000
310120.0000
310200.0000
310280.0000
310360.0000
310440.0000
310520.0000
310600.0000
310680.0000
310760.0000
310840.0000
310920.0000
311000.0000
311080.0000
311160.0000
311240.0000
311320.0000
311400.0000
311480.0000
311560.0000
311640.0000
311720.0000
311800.0000
311880.0000
311960.0000
312040.0000
312120.0000
312200.0000
312280.0000
312360.0000
312440.0000
312520.0000
312600.0000
312680.0000
312760.0000
312840.0000
312920.0000
313000.0000
313080.0000
313160.0000
313240.0000
313320.0000
313400.0000
313480.0000
313560.0000
313640.0000
313720.0000
313800.0000
313880.0000
313960.0000
314040.0000
314120.0000
314200.0000
314280.0000
314360.0000
314440.0000
314520.0000
314600.0000
314680.0000
314760.0000
314840.0000
314920.0000
315000.0000
315080.0000
315160.0000
315240.0000
315320.0000
315400.0000
315480.0000
315560.0000
315640.0000
315720.0000
315800.0000
315880.0000
315960.0000
316040.0000
316120.0000
316200.0000
316280.0000
316360.0000
316440.0000
316520.0000
316600.0000
316680.0000
316760.0000
316840.0000
316920.0000
317000.0000
317080.0000
317160.0000
317240.0000
317320.0000
317400.0000
317480.0000
317560.0000
317640.0000
317720.0000
317800.0000
317880.0000
317960.0000
318040.0000
318120.0000
318200.0000
318280.0000
318360.0000
318440.0000
318520.0000
318600.0000
318680.0000
318760.0000
318840.0000
318920.0000
319000.0000
319080.0000
319160.0000
319240.0000
319320.0000
319400.0000
319480.0000
319560.0000
319640.0000
319720.0000
319800.0000
319880.0000
319960.0000
320040.0000
320120.0000
320200.0000
320280.0000
320360.0000
320440.0000
320520.0000
320600.0000
320680.0000
320760.0000
320840.0000
320920.0000
321000.0000
321080.0000
321160.0000
321240.0000
321320.0000
321400.0000
321480.0000
321560.0000
321640.0000
321720.0000
321800.0000
321880.0000
321960.0000
322040.0000
322120.0000
322200.0000
322280.0000
322360.0000
322440.0000
322520.0000
322600.0000
322680.0000
322760.0000
322840.0000
322920.0000
323000.0000
323080.0000
323160.0000
323240.0000
323320.0000
323400.0000
323480.0000
323560.0000
323640.0000
323720.0000
323800.0000
323880.0000
323960.0000
324040.0000
324120.0000
324200.0000
324280.0000
324360.0000
324440.0000
324520.0000
324600.0000
324680.0000
324760.0000
324840.0000
324920.0000
325000.0000
325080.0000
325160.0000
325240.0000
325320.0000
325400.0000
325480.0000
325560.0000
325640.0000
325720.0000
325800.0000
325880.0000
325960.0000
326040.0000
326120.0000
326200.0000
326280.0000
326360.0000
326440.0000
326520.0000
326600.0000
326680.0000
326760.0000
326840.0000
326920.0000
327000.0000
327080.0000
327160.0000
327240.0000
327320.0000
327400.0000
327480.0000
327560.0000
327640.0000
327720.0000
327800.0000
327880.0000
327960.0000
328040.0000
328120.0000
328200.0000
328280.0000
328360.0000
328440.0000
328520.0000
328600.0000
328680.0000
328760.0000
328840.0000
328920.0000
329000.0000
329080.0000
329160.0000
329240.0000
329320.0000
329400.0000
329480.0000
329560.0000
329640.0000
329720.0000
329800.0000
329880.0000
329960.0000
330040.0000
330120.0000
330200.0000
330280.0000
330360.0000
330440.0000
330520.0000
330600.0000
330680.0000
330760.0000
330840.0000
330920.0000
331000.0000
331080.0000
331160.0000
331240.0000
331320.0000
331400.0000
331480.0000
331560.0000
331640.0000
331720.0000
331800.0000
331880.0000
331960.0000
332040.0000
332120.0000
332200.0000
332280.0000
332360.0000
332440.0000
332520.0000
332600.0000
332680.0000
332760.0000
332840.0000
332920.0000
333000.0000
333080.0000
333160.0000
333240.0000
333320.0000
333400.0000
333480.0000
333560.0000
333640.0000
333720.0000
333800.0000
333880.0000
333960.0000
334040.0000
334120.0000
334200.0000
334280.0000
334360.0000
334440.0000
334520.0000
334600.0000
334680.0000
334760.0000
334840.0000
334920.0000
335000.0000
335080.0000
335160.0000
335240.0000
335320.0000
335400.0000
335480.0000
335560.0000
335640.0000
335720.0000
335800.0000
335880.0000
335960.0000
336040.0000
336120.0000
336200.0000
336280.0000
336360.0000
336440.0000
336520.0000
336600.0000
336680.0000
336760.0000
336840.0000
336920.0000
337000.0000
337080.0000
337160.0000
337240.0000
337320.0000
337400.0000
337480.0000
337560.0000
337640.0000
337720.0000
337800.0000
337880.0000
337960.0000
338040.0000
338120.0000
338200.0000
338280.0000
338360.0000
338440.0000
338520.0000
338600.0000
338680.0000
338760.0000
338840.0000
338920.0000
339000.0000
339080.0000
339160.0000
339240.0000
339320.0000
339400.0000
339480.0000
339560.0000
339640.0000
339720.0000
339800.0000
339880.0000
339960.0000
340040.0000
340120.0000
340200.0000
340280.0000
340360.0000
340440.0000
340520.0000
340600.0000
340680.0000
340760.0000
340840.0000
340920.0000
341000.0000
341080.0000
341160.0000
341240.0000
341320.0000
341400.0000
341480.0000
341560.0000
341640.0000
341720.0000
341800.0000
341880.0000
341960.0000
342040.0000
342120.0000
342200.0000
342280.0000
342360.0000
342440.0000
342520.0000
342600.0000
342680.0000
342760.0000
342840.0000
342920.0000
343000.0000
343080.0000
343160.0000
343240.0000
343320.0000
343400.0000
343480.0000
343560.0000
343640.0000
343720.0000
343800.0000
343880.0000
343960.0000
344040.0000
344120.0000
344200.0000
344280.0000
344360.0000
344440.0000
344520.0000
344600.0000
344680.0000
344760.0000
344840.0000
344920.0000
345000.0000
345080.0000
345160.0000
345240.0000
345320.0000
345400.0000
345480.0000
345560.0000
345640.0000
345720.0000
345800.0000
345880.0000
345960.0000
346040.0000
346120.0000
346200.0000
346280.0000
346360.0000
346440.0000
346520.0000
346600.0000
346680.0000
346760.0000
346840.0000
346920.0000
347000.0000
347080.0000
347160.0000
347240.0000
347320.0000
347400.0000
347480.0000
347560.0000
347640.0000
347720.0000
347800.0000
347880.0000
347960.0000
348040.0000
348120.0000
348200.0000
348280.0000
348360.0000
348440.0000
348520.0000
348600.0000
348680.0000
348760.0000
348840.0000
348920.0000
349000.0000
349080.0000
349160.0000
349240.0000
349320.0000
349400.0000
349480.0000
349560.0000
349640.0000
349720.0000
349800.0000
349880.0000
349960.0000
350040.0000
350120.0000
350200.0000
350280.0000
350360.0000
350440.0000
350520.0000
350600.0000
350680.0000
350760.0000
350840.0000
350920.0000
351000.0000
351080.0000
351160.0000
351240.0000
351320.0000
351400.0000
351480.0000
351560.0000
351640.0000
351720.0000
351800.0000
351880.0000
351960.0000
352040.0000
352120.0000
352200.0000
352280.0000
352360.0000
352440.0000
352520.0000
352600.0000
352680.0000
352760.0000
352840.0000
352920.0000
353000.0000
353080.0000
353160.0000
353240.0000
353320.0000
353400.0000
353480.0000
353560.0000
353640.0000
353720.0000
353800.0000
353880.0000
353960.0000
354040.0000
354120.0000
354200.0000
354280.0000
354360.0000
354440.0000
354520.0000
354600.0000
354680.0000
354760.0000
354840.0000
354920.0000
355000.0000
355080.0000
355160.0000
355240.0000
355320.0000
355400.0000
355480.0000
355560.0000
355640.0000
355720.0000
355800.0000
355880.0000
355960.0000
356040.0000
356120.0000
356200.0000
356280.0000
356360.0000
356440.0000
356520.0000
356600.0000
356680.0000
356760.0000
356840.0000
356920.0000
357000.0000
357080.0000
357160.0000
357240.0000
357320.0000
357400.0000
357480.0000
357560.0000
357640.0000
357720.0000
357800.0000
357880.0000
357960.0000
358040.0000
358120.0000
358200.0000
358280.0000
358360.0000
358440.0000
358520.0000
358600.0000
358680.0000
358760.0000
358840.0000
358920.0000
359000.0000
359080.0000
359160.0000
359240.0000
359320.0000
359400.0000
359480.0000
359560.0000
359640.0000
359720.0000
359800.0000
359880.0000
359960.0000
360040.0000
360120.0000
360200.0000
360280.0000
360360.0000
360440.0000
360520.0000
360600.0000
360680.0000
360760.0000
360840.0000
360920.0000
361000.0000
361080.0000
361160.0000
361240.0000
361320.0000
361400.0000
361480.0000
361560.0000
361640.0000
361720.0000
361800.0000
361880.0000
361960.0000
362040.0000
362120.0000
362200.0000
362280.0000
362360.0000
362440.0000
362520.0000
362600.0000
362680.0000
362760.0000
362840.0000
362920.0000
363000.0000
363080.0000
363160.0000
363240.0000
363320.0000
363400.0000
363480.0000
363560.0000
363640.0000
363720.0000
363800.0000
363880.0000
363960.0000
364040.0000
364120.0000
364200.0000
364280.0000
364360.0000
364440.0000
364520.0000
364600.0000
364680.0000
364760.0000
364840.0000
364920.0000
365000.0000
365080.0000
365160.0000
365240.0000
365320.0000
365400.0000
365480.0000
365560.0000
365640.0000
365720.0000
365800.0000
365880.0000
365960.0000
366040.0000
366120.0000
366200.0000
366280.0000
366360.0000
366440.0000
366520.0000
366600.0000
366680.0000
366760.0000
366840.0000
366920.0000
367000.0000
367080.0000
367160.0000
367240.0000
367320.0000
367400.0000
367480.0000
367560.0000
367640.0000
367720.0000
367800.0000
367880.0000
367960.0000
368040.0000
368120.0000
368200.0000
368280.0000
368360.0000
368440.0000
368520.0000
368600.0000
368680.0000
368760.0000
368840.0000
368920.0000
369000.0000
369080.0000
369160.0000
369240.0000
369320.0000
369400.0000
369480.0000
369560.0000
369640.0000
369720.0000
369800.0000
369880.0000
369960.0000
370040.0000
370120.0000
370200.0000
370280.0000
370360.0000
370440.0000
370520.0000
370600.0000
370680.0000
370760.0000
370840.0000
370920.0000
371000.0000
371080.0000
371160.0000
371240.0000
371320.0000
371400.0000
371480.0000
371560.0000
371640.0000
371720.0000
371800.0000
371880.0000
371960.0000
372040.0000
372120.0000
372200.0000
372280.0000
372360.0000
372440.0000
372520.0000
372600.0000
372680.0000
372760.0000
372840.0000
372920.0000
373000.0000
373080.0000
373160.0000
373240.0000
373320.0000
373400.0000
373480.0000
373560.0000
373640.0000
373720.0000
373800.0000
373880.0000
373960.0000
374040.0000
374120.0000
374200.0000
374280.0000
374360.0000
374440.0000
374520.0000
374600.0000
374680.0000
374760.0000
374840.0000
374920.0000
375000.0000
375080.0000
375160.0000
375240.0000
375320.0000
375400.0000
375480.0000
375560.0000
375640.0000
375720.0000
375800.0000
375880.0000
375960.0000
376040.0000
376120.0000
376200.0000
376280.0000
376360.0000
376440.0000
376520.0000
376600.0000
376680.0000
376760.0000
376840.0000
376920.0000
377000.0000
377080.0000
377160.0000
377240.0000
377320.0000
377400.0000
377480.0000
377560.0000
377640.0000
377720.0000
377800.0000
377880.0000
377960.0000
378040.0000
378120.0000
378200.0000
378280.0000
378360.0000
378440.0000
378520.0000
378600.0000
378680.0000
378760.0000
378840.0000
378920.0000
379000.0000
379080.0000
379160.0000
379240.0000
379320.0000
379400.0000
379480.0000
379560.0000
379640.0000
379720.0000
379800.0000
379880.0000
379960.0000
380040.0000
380120.0000
380200.0000
380280.0000
380360.0000
380440.0000
380520.0000
380600.0000
380680.0000
380760.0000
380840.0000
380920.0000
381000.0000
381080.0000
381160.0000
381240.0000
381320.0000
381400.0000
381480.0000
381560.0000
381640.0000
381720.0000
381800.0000
381880.0000
381960.0000
382040.0000
382120.0000
382200.0000
382280.0000
382360.0000
382440.0000
382520.0000
382600.0000
382680.0000
382760.0000
382840.0000
382920.0000
383000.0000
383080.0000
383160.0000
383240.0000
383320.0000
383400.0000
383480.0000
383560.0000
383640.0000
383720.0000
383800.0000
383880.0000
383960.0000
384040.0000
384120.0000
384200.0000
384280.0000
384360.0000
384440.0000
384520.0000
384600.0000
384680.0000
384760.0000
384840.0000
384920.0000
385000.0000
385080.0000
385160.0000
385240.0000
385320.0000
385400.0000
385480.0000
385560.0000
385640.0000
385720.0000
385800.0000
385880.0000
385960.0000
386040.0000
386120.0000
386200.0000
386280.0000
386360.0000
386440.0000
386520.0000
386600.0000
386680.0000
386920.0000
387000.0000
387080.0000
387160.0000
387240.0000
387320.0000
387400.0000
387480.0000
387560.0000
387640.0000
387720.0000
387800.0000
387880.0000
387960.0000
388040.0000
388120.0000
388200.0000
388280.0000
388360.0000
388440.0000
388520.0000
388600.0000
388680.0000
388760.0000
388840.0000
388920.0000
389000.0000
389080.0000
389160.0000
389240.0000
389320.0000
389400.0000
389480.0000
389560.0000
389640.0000
389720.0000
389800.0000
389880.0000
389960.0000
390040.0000
390120.0000
390200.0000
390280.0000
390360.0000
390440.0000
390520.0000
390600.0000
390680.0000
390760.0000
390840.0000
390920.0000
391000.0000
391080.0000
391160.0000
391240.0000
391320.0000
391400.0000
391480.0000
391560.0000
391640.0000
391720.0000
391800.0000
391880.0000
391960.0000
392040.0000
392120.0000
392200.0000
392280.0000
392360.0000
392440.0000
392520.0000
392600.0000
392680.0000
392760.0000
392840.0000
392920.0000
393000.0000
393080.0000
393160.0000
393240.0000
393320.0000
393400.0000
393480.0000
393560.0000
393640.0000
393720.0000
393800.0000
393880.0000
393960.0000
394040.0000
394120.0000
394200.0000
394280.0000
394360.0000
394440.0000
394520.0000
394600.0000
394680.0000
394760.0000
394840.0000
394920.0000
395000.0000
395080.0000
395160.0000
395240.0000
395320.0000
395400.0000
395480.0000
395560.0000
395640.0000
395720.0000
395800.0000
395880.0000
395960.0000
396040.0000
396120.0000
396200.0000
396280.0000
396360.0000
396440.0000
396520.0000
396600.0000
396680.0000
396760.0000
396840.0000
396920.0000
397000.0000
397080.0000
397160.0000
397240.0000
397320.0000
397400.0000
397480.0000
397560.0000
397640.0000
397720.0000
397800.0000
397880.0000
397960.0000
398040.0000
398120.0000
398200.0000
398280.0000
398360.0000
398440.0000
398520.0000
398600.0000
398680.0000
398760.0000
398840.0000
398920.0000
399000.0000
399080.0000
399160.0000
399240.0000
399320.0000
399400.0000
399480.0000
399560.0000
399640.0000
399720.0000
399800.0000
399880.0000
399960.0000
400040.0000
400120.0000
400200.0000
400280.0000
400360.0000
400440.0000
400520.0000
400600.0000
400680.0000
400760.0000
400840.0000
400920.0000
401000.0000
401080.0000
401160.0000
401240.0000
401320.0000
401400.0000
401480.0000
401560.0000
401640.0000
401720.0000
401800.0000
401880.0000
401960.0000
402040.0000
402120.0000
402200.0000
402280.0000
402360.0000
402440.0000
402520.0000
402600.0000
402680.0000
402760.0000
402840.0000
402920.0000
403000.0000
403080.0000
403160.0000
403240.0000
403320.0000
403400.0000
403480.0000
403560.0000
403640.0000
403720.0000
403800.0000
403880.0000
403960.0000
404040.0000
404120.0000
404200.0000
404280.0000
404360.0000
404440.0000
404520.0000
404600.0000
404680.0000
404760.0000
404840.0000
404920.0000
405000.0000
405080.0000
405160.0000
405240.0000
405320.0000
405400.0000
405480.0000
405560.0000
405640.0000
405720.0000
405800.0000
405880.0000
405960.0000
406040.0000
406120.0000
406200.0000
406280.0000
406360.0000
406440.0000
406520.0000
406600.0000
406680.0000
406760.0000
406840.0000
406920.0000
407000.0000
407080.0000
407160.0000
407240.0000
407320.0000
407400.0000
407480.0000
407560.0000
407640.0000
407720.0000
407800.0000
407880.0000
407960.0000
408040.0000
408120.0000
408200.0000
408280.0000
408360.0000
408440.0000
408520.0000
408600.0000
408680.0000
408760.0000
408840.0000
408920.0000
409000.0000
409080.0000
409160.0000
409240.0000
409320.0000
409400.0000
409480.0000
409560.0000
409640.0000
409720.0000
409800.0000
409880.0000
409960.0000
410040.0000
410120.0000
410200.0000
410280.0000
410360.0000
410440.0000
410520.0000
410600.0000
410680.0000
410760.0000
410840.0000
410920.0000
411000.0000
411080.0000
411160.0000
411240.0000
411320.0000
411400.0000
411480.0000
411560.0000
411640.0000
411720.0000
411800.0000
411880.0000
411960.0000
412040.0000
412120.0000
412200.0000
412280.0000
412360.0000
412440.0000
412520.0000
412600.0000
412680.0000
412760.0000
412840.0000
412920.0000
413000.0000
413080.0000
413160.0000
413240.0000
413320.0000
413400.0000
413480.0000
413560.0000
413640.0000
413720.0000
413800.0000
413880.0000
413960.0000
414040.0000
414120.0000
414200.0000
414280.0000
414360.0000
414440.0000
414520.0000
414600.0000
414680.0000
414760.0000
414840.0000
414920.0000
415000.0000
415080.0000
415160.0000
415240.0000
415320.0000
415400.0000
415480.0000
415560.0000
415640.0000
415720.0000
415800.0000
415880.0000
415960.0000
416040.0000
416120.0000
416200.0000
416280.0000
416360.0000
416440.0000
416520.0000
416600.0000
416680.0000
416760.0000
416840.0000
416920.0000
417000.0000
417080.0000
417160.0000
417240.0000
417320.0000
417400.0000
417480.0000
417560.0000
417640.0000
417720.0000
417800.0000
417880.0000
417960.0000
418040.0000
418120.0000
418200.0000
418280.0000
418360.0000
418440.0000
418520.0000
418600.0000
418680.0000
418760.0000
418840.0000
418920.0000
419000.0000
419080.0000
419160.0000
419240.0000
419320.0000
419400.0000
419480.0000
419560.0000
419640.0000
419720.0000
419800.0000
419880.0000
419960.0000
420040.0000
420120.0000
420200.0000
420280.0000
420360.0000
420440.0000
420520.0000
420600.0000
420680.0000
420760.0000
420840.0000
420920.0000
421000.0000
421080.0000
421160.0000
421240.0000
421320.0000
421400.0000
421480.0000
421560.0000
421640.0000
421720.0000
421800.0000
421880.0000
421960.0000
422040.0000
422120.0000
422200.0000
422280.0000
422360.0000
422440.0000
422520.0000
422600.0000
422680.0000
422760.0000
422840.0000
422920.0000
423000.0000
423480.0000
423560.0000
423640.0000
423720.0000
423800.0000
423880.0000
423960.0000
424040.0000
424120.0000
424200.0000
424280.0000
424360.0000
424440.0000
424520.0000
424600.0000
424680.0000
424760.0000
424840.0000
424920.0000
425000.0000
425080.0000
425160.0000
425240.0000
425320.0000
425400.0000
425480.0000
425560.0000
425640.0000
425720.0000
425800.0000
425880.0000
425960.0000
426040.0000
426120.0000
426200.0000
426280.0000
426360.0000
426440.0000
426520.0000
426600.0000
426680.0000
426760.0000
426840.0000
426920.0000
427000.0000
427080.0000
427160.0000
427240.0000
427320.0000
427400.0000
427480.0000
427560.0000
427640.0000
427720.0000
427800.0000
427880.0000
427960.0000
428040.0000
428120.0000
428200.0000
428280.0000
428360.0000
428440.0000
428520.0000
428600.0000
428680.0000
428760.0000
428840.0000
428920.0000
429000.0000
429080.0000
429160.0000
429240.0000
429320.0000
429400.0000
429480.0000
429560.0000
429640.0000
429720.0000
429800.0000
432520.0000
432600.0000
432680.0000
432760.0000
432840.0000
432920.0000
433000.0000
433080.0000
433160.0000
433240.0000
433320.0000
433400.0000
433480.0000
433560.0000
433640.0000
433720.0000
433800.0000
433880.0000
433960.0000
434040.0000
434120.0000
434200.0000
434280.0000
434360.0000
434440.0000
434520.0000
434600.0000
434680.0000
434760.0000
434840.0000
434920.0000
435000.0000
435080.0000
435160.0000
435240.0000
435320.0000
435400.0000
435480.0000
435560.0000
435640.0000
435720.0000
435800.0000
435880.0000
435960.0000
436040.0000
436120.0000
436200.0000
436280.0000
436360.0000
436440.0000
436520.0000
436600.0000
436680.0000
436760.0000
436840.0000
436920.0000
437000.0000
437080.0000
437160.0000
437240.0000
437320.0000
437400.0000
437480.0000
437560.0000
437640.0000
437720.0000
437800.0000
437880.0000
437960.0000
438040.0000
438120.0000
438200.0000
438280.0000
438360.0000
438440.0000
438520.0000
438600.0000
438680.0000
438760.0000
438840.0000
438920.0000
439000.0000
439080.0000
439160.0000
439240.0000
439320.0000
439400.0000
439480.0000
439560.0000
439640.0000
439720.0000
439800.0000
439880.0000
439960.0000
440040.0000
440120.0000
440200.0000
440280.0000
440360.0000
440440.0000
440520.0000
440600.0000
440680.0000
440760.0000
440840.0000
440920.0000
441000.0000
441080.0000
441160.0000
441240.0000
441320.0000
441400.0000
441480.0000
441560.0000
441640.0000
441720.0000
441800.0000
441880.0000
441960.0000
442040.0000
442120.0000
442200.0000
442280.0000
442360.0000
442440.0000
442520.0000
442600.0000
442680.0000
442760.0000
442840.0000
442920.0000
443000.0000
443080.0000
443160.0000
443240.0000
443320.0000
443400.0000
443480.0000
443560.0000
443640.0000
443720.0000
443800.0000
443880.0000
443960.0000
444040.0000
444120.0000
444200.0000
444280.0000
444360.0000
444440.0000
444520.0000
444600.0000
444680.0000
444760.0000
444840.0000
444920.0000
445000.0000
445080.0000
445160.0000
445240.0000
445320.0000
445400.0000
445480.0000
445560.0000
445640.0000
445720.0000
445800.0000
445880.0000
445960.0000
446040.0000
446120.0000
446200.0000
446280.0000
446360.0000
446440.0000
446520.0000
446600.0000
446680.0000
446760.0000
446840.0000
446920.0000
447000.0000
447080.0000
447160.0000
447240.0000
447320.0000
447400.0000
447480.0000
447560.0000
447640.0000
447720.0000
447800.0000
447880.0000
447960.0000
448040.0000
448120.0000
448200.0000
448280.0000
448360.0000
448440.0000
448520.0000
448600.0000
448680.0000
448760.0000
448840.0000
448920.0000
449000.0000
449080.0000
449160.0000
449240.0000
449320.0000
449400.0000
449480.0000
449560.0000
449640.0000
449720.0000
449800.0000
449880.0000
449960.0000
450040.0000
450120.0000
450200.0000
450280.0000
450360.0000
450440.0000
450520.0000
450600.0000
450680.0000
450760.0000
450840.0000
450920.0000
451000.0000
451080.0000
451160.0000
451240.0000
451320.0000
451400.0000
451480.0000
451560.0000
451640.0000
451720.0000
451800.0000
451880.0000
451960.0000
452040.0000
452120.0000
452200.0000
452280.0000
452360.0000
452440.0000
452520.0000
452600.0000
452680.0000
452760.0000
452840.0000
452920.0000
453000.0000
453080.0000
453160.0000
453240.0000
453320.0000
453400.0000
453480.0000
453560.0000
453640.0000
453720.0000
453800.0000
453880.0000
453960.0000
454040.0000
454120.0000
454200.0000
454280.0000
454360.0000
454440.0000
454520.0000
454600.0000
454680.0000
454760.0000
454840.0000
454920.0000
455000.0000
455080.0000
455160.0000
455240.0000
455320.0000
455400.0000
455480.0000
455560.0000
455640.0000
455720.0000
455800.0000
455880.0000
455960.0000
456040.0000
456120.0000
456200.0000
456280.0000
456360.0000
456440.0000
456520.0000
456600.0000
456680.0000
456760.0000
456840.0000
456920.0000
457000.0000
457080.0000
457160.0000
457240.0000
457320.0000
457400.0000
457480.0000
457560.0000
457640.0000
457720.0000
457800.0000
457880.0000
457960.0000
458040.0000
458120.0000
458200.0000
458280.0000
458360.0000
458440.0000
458520.0000
458600.0000
458680.0000
458760.0000
458840.0000
458920.0000
459000.0000
459080.0000
459160.0000
459240.0000
459320.0000
459400.0000
459480.0000
459560.0000
459640.0000
459720.0000
459800.0000
459880.0000
459960.0000
460040.0000
460120.0000
460200.0000
460280.0000
460360.0000
460440.0000
460520.0000
460600.0000
460680.0000
460760.0000
460840.0000
460920.0000
461000.0000
461080.0000
461160.0000
461240.0000
461320.0000
461400.0000
461480.0000
461560.0000
461640.0000
461720.0000
461800.0000
461880.0000
461960.0000
462040.0000
462120.0000
462200.0000
462280.0000
462360.0000
462440.0000
462520.0000
462600.0000
462680.0000
462760.0000
462840.0000
462920.0000
463000.0000
463080.0000
463160.0000
463240.0000
463320.0000
463400.0000
463480.0000
463560.0000
463640.0000
463720.0000
463800.0000
463880.0000
463960.0000
464040.0000
464120.0000
464200.0000
464280.0000
464360.0000
464440.0000
464520.0000
464600.0000
464680.0000
464760.0000
464840.0000
464920.0000
465000.0000
465080.0000
465160.0000
465240.0000
465320.0000
465400.0000
465480.0000
465560.0000
465640.0000
465720.0000
465800.0000
465880.0000
465960.0000
466040.0000
466120.0000
466200.0000
466280.0000
466360.0000
466440.0000
466520.0000
466600.0000
466680.0000
466760.0000
466840.0000
466920.0000
467000.0000
467080.0000
467160.0000
467240.0000
467320.0000
467400.0000
467480.0000
467560.0000
467640.0000
467720.0000
467800.0000
467880.0000
467960.0000
468040.0000
468120.0000
468200.0000
468280.0000
468360.0000
468440.0000
468520.0000
468600.0000
468680.0000
468760.0000
468840.0000
468920.0000
469000.0000
469080.0000
469160.0000
469240.0000
469320.0000
469400.0000
469480.0000
469560.0000
469640.0000
469720.0000
469800.0000
469880.0000
469960.0000
470040.0000
470120.0000
470200.0000
470440.0000
470520.0000
470600.0000
470680.0000
470760.0000
470840.0000
470920.0000
471000.0000
471080.0000
471160.0000
471240.0000
471320.0000
471400.0000
471480.0000
471560.0000
471640.0000
471720.0000
471800.0000
471880.0000
471960.0000
472040.0000
472120.0000
472200.0000
472280.0000
472360.0000
472440.0000
472520.0000
472600.0000
472680.0000
472760.0000
472840.0000
472920.0000
473000.0000
473080.0000
473160.0000
473240.0000
473320.0000
473400.0000
473480.0000
473560.0000
473640.0000
473720.0000
473800.0000
473880.0000
473960.0000
474040.0000
474120.0000
474200.0000
474280.0000
474360.0000
474440.0000
474520.0000
474600.0000
474680.0000
474760.0000
474840.0000
474920.0000
475000.0000
475080.0000
475160.0000
475240.0000
475320.0000
475400.0000
475480.0000
475560.0000
475640.0000
475720.0000
475800.0000
475880.0000
475960.0000
476040.0000
476120.0000
476200.0000
476280.0000
476360.0000
476440.0000
476520.0000
476600.0000
476680.0000
476760.0000
476840.0000
476920.0000
477000.0000
477080.0000
477160.0000
477240.0000
477320.0000
477400.0000
477480.0000
477560.0000
477640.0000
477720.0000
477800.0000
477880.0000
477960.0000
478040.0000
478120.0000
478200.0000
478280.0000
478360.0000
478440.0000
478520.0000
478600.0000
478680.0000
478760.0000
478840.0000
478920.0000
479000.0000
479080.0000
479160.0000
479240.0000
479320.0000
479400.0000
479480.0000
479560.0000
479640.0000
479720.0000
479800.0000
479880.0000
479960.0000
480040.0000
480120.0000
480200.0000
480280.0000
480360.0000
480440.0000
480520.0000
480600.0000
480680.0000
480760.0000
480840.0000
480920.0000
481000.0000
481080.0000
481160.0000
481240.0000
481320.0000
481400.0000
481480.0000
481560.0000
481640.0000
481720.0000
481800.0000
481880.0000
481960.0000
482040.0000
482120.0000
482200.0000
482280.0000
482360.0000
482440.0000
482520.0000
482600.0000
482680.0000
482760.0000
482840.0000
482920.0000
483000.0000
483080.0000
483160.0000
483240.0000
483320.0000
483400.0000
483480.0000
483560.0000
483640.0000
483720.0000
483800.0000
483880.0000
483960.0000
484040.0000
484120.0000
484200.0000
484280.0000
484360.0000
484440.0000
484520.0000
484600.0000
484680.0000
484760.0000
484840.0000
484920.0000
485000.0000
485080.0000
485160.0000
485240.0000
485320.0000
485400.0000
485480.0000
485560.0000
485640.0000
485720.0000
485800.0000
485880.0000
485960.0000
486040.0000
486120.0000
486200.0000
486280.0000
486360.0000
486440.0000
486520.0000
486600.0000
486680.0000
486760.0000
486840.0000
486920.0000
487000.0000
487080.0000
487160.0000
487240.0000
487320.0000
487400.0000
487480.0000
487560.0000
487640.0000
487720.0000
487800.0000
487880.0000
487960.0000
488040.0000
488120.0000
488200.0000
488280.0000
488360.0000
488440.0000
488520.0000
488600.0000
488680.0000
488760.0000
488840.0000
488920.0000
489000.0000
489080.0000
489160.0000
489240.0000
489320.0000
489400.0000
489480.0000
489560.0000
489640.0000
489720.0000
489800.0000
489880.0000
489960.0000
490040.0000
490120.0000
490200.0000
490280.0000
490360.0000
490440.0000
490520.0000
490600.0000
490680.0000
490760.0000
490840.0000
490920.0000
491000.0000
491080.0000
491160.0000
491240.0000
491320.0000
491400.0000
491480.0000
491560.0000
491640.0000
491720.0000
491800.0000
491880.0000
491960.0000
492040.0000
492120.0000
492200.0000
492280.0000
492360.0000
492440.0000
492520.0000
492600.0000
492680.0000
492760.0000
492840.0000
492920.0000
493000.0000
493080.0000
493160.0000
493240.0000
493320.0000
493400.0000
493480.0000
493560.0000
493640.0000
493720.0000
493800.0000
493880.0000
493960.0000
494040.0000
494120.0000
494200.0000
494280.0000
494360.0000
494440.0000
494520.0000
494600.0000
494680.0000
494760.0000
494840.0000
494920.0000
495000.0000
495080.0000
495160.0000
495240.0000
495320.0000
495400.0000
495480.0000
495560.0000
495640.0000
495720.0000
495800.0000
495880.0000
495960.0000
496040.0000
496120.0000
496200.0000
496280.0000
496360.0000
496440.0000
496520.0000
496600.0000
496680.0000
496760.0000
496840.0000
496920.0000
497000.0000
497080.0000
497160.0000
497240.0000
497320.0000
497400.0000
497480.0000
497560.0000
497640.0000
497720.0000
497800.0000
497880.0000
497960.0000
498040.0000
498120.0000
498200.0000
498280.0000
498360.0000
498440.0000
498520.0000
498600.0000
498680.0000
498760.0000
498840.0000
498920.0000
499000.0000
499080.0000
499160.0000
499240.0000
499320.0000
499400.0000
499480.0000
499560.0000
499640.0000
499720.0000
499800.0000
499880.0000
499960.0000
500040.0000
500200.0000
500280.0000
500360.0000
500440.0000
500520.0000
500600.0000
500680.0000
500760.0000
500840.0000
500920.0000
501000.0000
501080.0000
501160.0000
501240.0000
501320.0000
501400.0000
501480.0000
501560.0000
501640.0000
501720.0000
501800.0000
501880.0000
501960.0000
502040.0000
502120.0000
502200.0000
502280.0000
502360.0000
502440.0000
502520.0000
502600.0000
502680.0000
502760.0000
502840.0000
502920.0000
503000.0000
503080.0000
503160.0000
503240.0000
503320.0000
503400.0000
503480.0000
503560.0000
503640.0000
503720.0000
503800.0000
503880.0000
503960.0000
504040.0000
504120.0000
504200.0000
504280.0000
504360.0000
504440.0000
504520.0000
504600.0000
504680.0000
504760.0000
504840.0000
504920.0000
505000.0000
505080.0000
505160.0000
505240.0000
505320.0000
505400.0000
505480.0000
505560.0000
505640.0000
505720.0000
505800.0000
505880.0000
505960.0000
506040.0000
506120.0000
506200.0000
506280.0000
506360.0000
506440.0000
506520.0000
506600.0000
506680.0000
506760.0000
506840.0000
506920.0000
507000.0000
507080.0000
507160.0000
507240.0000
507320.0000
507400.0000
507480.0000
507560.0000
507640.0000
507720.0000
507800.0000
507880.0000
507960.0000
508040.0000
508120.0000
508200.0000
508280.0000
508360.0000
508440.0000
508520.0000
508600.0000
508680.0000
508760.0000
508840.0000
508920.0000
509000.0000
509080.0000
509160.0000
509240.0000
509320.0000
509400.0000
509480.0000
509560.0000
509640.0000
509720.0000
509800.0000
509880.0000
509960.0000
510040.0000
510120.0000
510200.0000
510280.0000
510360.0000
510440.0000
510520.0000
510600.0000
510680.0000
510760.0000
510840.0000
510920.0000
511000.0000
511080.0000
511160.0000
511240.0000
511320.0000
511400.0000
511480.0000
511560.0000
511640.0000
511720.0000
511800.0000
511880.0000
511960.0000
512040.0000
512120.0000
512200.0000
512280.0000
512360.0000
512440.0000
512520.0000
512600.0000
512680.0000
512760.0000
512840.0000
512920.0000
513000.0000
513080.0000
513160.0000
513240.0000
513320.0000
513400.0000
513480.0000
513560.0000
513640.0000
513720.0000
513800.0000
513880.0000
513960.0000
514040.0000
514120.0000
514200.0000
514280.0000
514360.0000
514440.0000
514520.0000
514600.0000
514680.0000
514760.0000
514840.0000
514920.0000
515000.0000
515080.0000
515160.0000
515240.0000
515320.0000
515400.0000
515480.0000
515560.0000
515640.0000
515720.0000
515800.0000
515880.0000
515960.0000
516040.0000
516120.0000
516200.0000
516280.0000
516360.0000
516440.0000
516520.0000
516600.0000
516680.0000
516760.0000
516840.0000
516920.0000
517000.0000
517080.0000
517160.0000
517240.0000
517320.0000
517400.0000
517480.0000
517560.0000
517640.0000
517720.0000
517800.0000
517880.0000
517960.0000
518040.0000
518120.0000
518200.0000
518280.0000
518360.0000
518440.0000
518520.0000
518600.0000
518680.0000
518760.0000
518840.0000
518920.0000
519000.0000
519080.0000
519160.0000
519240.0000
519320.0000
519400.0000
519480.0000
519560.0000
519640.0000
519720.0000
519800.0000
519880.0000
519960.0000
520040.0000
520120.0000
520200.0000
520280.0000
520360.0000
520440.0000
520520.0000
520600.0000
520680.0000
520760.0000
520840.0000
520920.0000
521000.0000
521080.0000
521160.0000
521240.0000
521320.0000
521400.0000
521480.0000
521560.0000
521640.0000
521720.0000
521800.0000
521880.0000
521960.0000
522040.0000
522120.0000
522200.0000
522280.0000
522360.0000
522440.0000
522520.0000
522600.0000
522680.0000
522760.0000
522840.0000
522920.0000
523000.0000
523080.0000
523160.0000
523240.0000
523320.0000
523400.0000
523480.0000
523560.0000
523640.0000
523720.0000
523800.0000
523880.0000
523960.0000
524040.0000
524120.0000
524200.0000
524280.0000
524360.0000
524440.0000
524520.0000
524600.0000
524680.0000
524760.0000
524840.0000
524920.0000
525000.0000
525080.0000
525160.0000
525240.0000
525320.0000
525400.0000
525480.0000
525560.0000
525640.0000
525720.0000
525800.0000
525880.0000
525960.0000
526040.0000
526120.0000
526200.0000
526280.0000
526360.0000
526440.0000
526520.0000
526600.0000
526680.0000
526760.0000
526840.0000
526920.0000
527000.0000
527080.0000
527160.0000
527240.0000
527320.0000
531720.0000
531800.0000
531880.0000
531960.0000
532040.0000
532120.0000
532200.0000
532280.0000
532360.0000
532440.0000
532520.0000
532680.0000
532760.0000
532840.0000
532920.0000
533000.0000
533080.0000
533160.0000
533240.0000
533320.0000
533400.0000
533480.0000
533560.0000
533640.0000
533720.0000
533800.0000
533880.0000
533960.0000
534040.0000
534120.0000
534200.0000
534280.0000
534360.0000
534440.0000
534520.0000
534600.0000
534680.0000
534760.0000
534840.0000
534920.0000
535000.0000
535080.0000
535160.0000
535240.0000
535320.0000
535400.0000
535480.0000
535560.0000
535640.0000
535720.0000
535800.0000
535880.0000
535960.0000
536040.0000
536120.0000
536200.0000
536280.0000
536360.0000
536440.0000
536520.0000
536600.0000
536680.0000
536760.0000
536840.0000
536920.0000
537000.0000
537080.0000
537160.0000
537240.0000
537320.0000
537400.0000
537480.0000
537560.0000
537640.0000
537720.0000
537800.0000
537880.0000
537960.0000
538040.0000
538120.0000
538200.0000
538280.0000
538360.0000
538440.0000
538520.0000
538600.0000
538680.0000
538760.0000
538840.0000
538920.0000
539000.0000
539160.0000
539240.0000
539320.0000
539400.0000
539480.0000
539560.0000
539640.0000
539720.0000
539800.0000
539880.0000
539960.0000
540040.0000
540120.0000
540200.0000
540280.0000
540360.0000
540440.0000
540520.0000
540600.0000
540680.0000
540760.0000
540840.0000
540920.0000
541000.0000
541080.0000
541160.0000
541240.0000
541320.0000
541400.0000
541480.0000
541560.0000
541640.0000
541720.0000
541800.0000
541880.0000
541960.0000
542040.0000
542120.0000
542200.0000
542280.0000
542360.0000
542440.0000
542520.0000
542600.0000
542680.0000
542760.0000
542840.0000
542920.0000
543000.0000
543080.0000
543160.0000
543240.0000
543320.0000
543400.0000
543480.0000
543560.0000
543640.0000
543720.0000
543800.0000
543880.0000
543960.0000
544040.0000
544120.0000
544200.0000
544280.0000
544360.0000
544440.0000
544520.0000
544600.0000
544680.0000
544760.0000
544840.0000
544920.0000
545000.0000
545080.0000
545160.0000
545240.0000
545320.0000
545400.0000
545480.0000
545560.0000
545640.0000
545720.0000
545800.0000
545880.0000
545960.0000
546040.0000
546120.0000
546200.0000
546280.0000
546360.0000
546440.0000
546520.0000
546600.0000
546680.0000
546760.0000
546840.0000
546920.0000
547000.0000
547080.0000
547160.0000
547240.0000
547320.0000
547400.0000
547480.0000
547560.0000
547640.0000
547720.0000
547800.0000
547880.0000
547960.0000
548040.0000
548120.0000
548200.0000
548280.0000
548360.0000
548440.0000
548520.0000
548600.0000
548920.0000
549000.0000
549080.0000
549160.0000
549240.0000
549320.0000
549400.0000
549480.0000
549560.0000
549640.0000
549720.0000
549800.0000
549880.0000
549960.0000
550040.0000
550120.0000
550200.0000
550280.0000
550360.0000
550440.0000
550520.0000
550600.0000
550680.0000
550760.0000
550840.0000
550920.0000
551000.0000
551080.0000
551160.0000
551240.0000
552680.0000
552760.0000
552840.0000
552920.0000
553000.0000
553080.0000
553160.0000
553240.0000
553320.0000
553400.0000
553480.0000
553560.0000
553640.0000
553720.0000
553800.0000
553880.0000
553960.0000
554040.0000
554120.0000
554200.0000
554280.0000
554360.0000
554440.0000
554520.0000
554600.0000
554680.0000
554760.0000
554840.0000
554920.0000
555000.0000
555080.0000
555160.0000
555240.0000
555320.0000
555400.0000
555480.0000
555560.0000
555640.0000
555720.0000
555800.0000
555880.0000
555960.0000
556040.0000
556120.0000
556200.0000
556280.0000
556360.0000
556440.0000
556520.0000
556600.0000
556680.0000
556760.0000
556840.0000
556920.0000
557000.0000
557080.0000
557160.0000
557240.0000
557320.0000
557400.0000
557480.0000
557560.0000
557640.0000
557720.0000
557800.0000
557880.0000
557960.0000
558040.0000
558120.0000
558200.0000
558280.0000
558360.0000
558440.0000
558520.0000
558600.0000
558680.0000
558760.0000
558840.0000
558920.0000
559000.0000
559080.0000
559160.0000
559240.0000
559320.0000
559400.0000
559480.0000
559560.0000
559640.0000
559720.0000
559800.0000
559880.0000
560200.0000
560280.0000
560360.0000
560440.0000
560520.0000
560600.0000
560680.0000
560760.0000
560840.0000
560920.0000
561000.0000
561080.0000
561160.0000
561240.0000
561320.0000
561400.0000
561480.0000
561560.0000
561640.0000
561720.0000
561800.0000
561880.0000
561960.0000
562040.0000
562120.0000
562200.0000
562280.0000
562360.0000
562440.0000
562520.0000
562600.0000
562680.0000
562760.0000
562840.0000
562920.0000
563000.0000
563080.0000
563160.0000
563240.0000
563320.0000
570360.0000
570440.0000
570520.0000
570600.0000
570680.0000
570760.0000
570840.0000
570920.0000
571000.0000
571080.0000
571160.0000
571240.0000
571320.0000
571400.0000
571480.0000
571560.0000
571640.0000
571720.0000
571800.0000
571880.0000
571960.0000
572040.0000
572120.0000
572200.0000
572280.0000
572360.0000
572440.0000
572520.0000
572600.0000
572680.0000
572760.0000
572840.0000
572920.0000
574440.0000
574520.0000
574600.0000
574680.0000
574760.0000
574840.0000
574920.0000
575000.0000
575080.0000
575160.0000
575240.0000
575320.0000
575400.0000
575480.0000
575560.0000
575640.0000
575720.0000
575800.0000
575880.0000
575960.0000
576040.0000
576120.0000
576200.0000
576280.0000
576360.0000
576440.0000
576520.0000
576600.0000
576680.0000
576760.0000
576840.0000
576920.0000
577000.0000
577080.0000
577160.0000
577240.0000
577320.0000
577400.0000
577480.0000
577560.0000
577640.0000
577720.0000
577800.0000
577880.0000
577960.0000
578040.0000
578120.0000
578200.0000
578280.0000
578360.0000
578440.0000
578520.0000
578600.0000
578680.0000
578760.0000
578840.0000
578920.0000
579000.0000
579080.0000
579160.0000
579240.0000
579320.0000
579400.0000
579480.0000
579560.0000
579640.0000
579720.0000
579800.0000
579880.0000
579960.0000
580040.0000
580120.0000
580200.0000
580280.0000
580360.0000
580440.0000
580520.0000
580600.0000
580680.0000
580760.0000
580840.0000
580920.0000
581000.0000
581080.0000
581160.0000
581240.0000
581320.0000
581400.0000
581480.0000
581560.0000
581640.0000
581720.0000
581800.0000
581880.0000
581960.0000
582040.0000
582120.0000
582200.0000
582280.0000
582360.0000
582440.0000
582520.0000
582600.0000
582680.0000
582760.0000
582840.0000
582920.0000
583000.0000
583080.0000
583160.0000
583240.0000
583320.0000
583400.0000
583480.0000
583560.0000
583640.0000
583720.0000
583800.0000
583880.0000
583960.0000
584040.0000
584120.0000
584200.0000
584280.0000
584360.0000
584440.0000
584520.0000
584600.0000
584680.0000
584760.0000
584840.0000
584920.0000
585000.0000
585080.0000
585160.0000
585240.0000
585320.0000
585400.0000
585480.0000
585560.0000
585640.0000
585720.0000
585800.0000
585880.0000
585960.0000
586040.0000
586120.0000
586200.0000
586280.0000
586360.0000
586440.0000
586520.0000
586600.0000
586680.0000
586760.0000
586840.0000
586920.0000
587000.0000
587080.0000
587160.0000
587240.0000
587320.0000
587400.0000
587480.0000
587560.0000
587640.0000
587720.0000
587800.0000
587880.0000
587960.0000
588040.0000
588120.0000
588200.0000
588280.0000
588360.0000
588440.0000
588520.0000
588600.0000
588680.0000
588760.0000
588840.0000
588920.0000
589000.0000
589080.0000
589160.0000
589240.0000
589320.0000
589400.0000
589480.0000
589560.0000
589640.0000
589720.0000
589800.0000
589880.0000
589960.0000
590040.0000
590120.0000
590200.0000
590280.0000
590360.0000
590440.0000
590520.0000
590600.0000
590680.0000
590760.0000
590840.0000
590920.0000
591000.0000
591080.0000
591160.0000
591240.0000
591320.0000
591400.0000
591480.0000
591560.0000
591640.0000
591720.0000
591800.0000
591880.0000
591960.0000
592040.0000
592120.0000
592200.0000
592280.0000
592360.0000
592440.0000
592520.0000
592600.0000
592680.0000
592760.0000
592840.0000
592920.0000
593000.0000
593080.0000
593160.0000
593240.0000
593320.0000
593400.0000
593480.0000
593560.0000
593640.0000
593720.0000
593800.0000
593880.0000
593960.0000
594040.0000
594120.0000
594200.0000
594280.0000
594360.0000
594440.0000
594520.0000
594600.0000
594680.0000
594760.0000
595560.0000
595640.0000
595720.0000
595800.0000
595880.0000
595960.0000
596040.0000
596120.0000
596200.0000
596280.0000
596360.0000
596440.0000
596520.0000
596600.0000
596680.0000
596760.0000
596840.0000
596920.0000
597000.0000
597320.0000
597400.0000
597480.0000
597560.0000
597640.0000
597720.0000
597800.0000
597880.0000
597960.0000
598040.0000
598120.0000
598200.0000
598280.0000
598360.0000
598440.0000
598520.0000
598600.0000
598680.0000
598760.0000
598840.0000
598920.0000
599000.0000
599080.0000
599160.0000
599240.0000
599320.0000
599400.0000
599480.0000
599560.0000
599640.0000
599720.0000
599800.0000
599880.0000
599960.0000
600040.0000
600120.0000
600200.0000
600280.0000
600360.0000
600440.0000
600520.0000
600600.0000
600680.0000
600760.0000
600840.0000
600920.0000
601000.0000
601080.0000
601160.0000
601240.0000
601320.0000
601400.0000
601480.0000
601560.0000
601640.0000
601720.0000
601800.0000
601880.0000
601960.0000
602040.0000
602120.0000
602200.0000
602280.0000
602360.0000
602440.0000
602520.0000
602600.0000
602680.0000
602760.0000
602840.0000
602920.0000
603000.0000
603080.0000
603160.0000
603240.0000
603320.0000
603400.0000
603480.0000
603560.0000
603640.0000
603720.0000
603800.0000
603880.0000
603960.0000
604040.0000
604120.0000
604200.0000
604280.0000
604360.0000
604440.0000
604520.0000
604600.0000
604680.0000
604760.0000
604840.0000
604920.0000
605000.0000
605080.0000
605160.0000
605240.0000
605320.0000
605400.0000
605480.0000
605560.0000
605640.0000
605720.0000
605800.0000
605880.0000
605960.0000
606040.0000
606120.0000
606200.0000
606280.0000
606360.0000
606440.0000
606520.0000
606600.0000
606680.0000
606760.0000
606840.0000
606920.0000
607000.0000
607080.0000
607160.0000
607240.0000
607320.0000
607400.0000
607480.0000
607560.0000
607640.0000
607720.0000
607800.0000
607880.0000
607960.0000
608040.0000
608120.0000
608200.0000
608280.0000
608360.0000
608440.0000
608520.0000
608600.0000
608680.0000
608760.0000
608840.0000
608920.0000
609000.0000
609080.0000
609160.0000
609240.0000
609320.0000
609400.0000
609480.0000
609560.0000
609640.0000
609720.0000
609800.0000
609880.0000
609960.0000
610040.0000
610120.0000
610200.0000
610280.0000
610360.0000
610440.0000
610520.0000
610600.0000
610680.0000
610760.0000
610840.0000
610920.0000
611000.0000
611080.0000
611160.0000
611240.0000
611320.0000
611400.0000
611480.0000
611560.0000
611640.0000
611720.0000
611800.0000
611880.0000
611960.0000
612040.0000
612120.0000
612200.0000
612280.0000
612360.0000
612440.0000
612520.0000
612600.0000
612680.0000
612760.0000
612840.0000
612920.0000
613000.0000
613080.0000
613160.0000
613240.0000
613320.0000
613400.0000
613480.0000
613560.0000
613640.0000
613720.0000
613800.0000
613880.0000
613960.0000
614040.0000
614120.0000
614200.0000
614280.0000
614360.0000
614440.0000
614520.0000
614600.0000
614680.0000
614760.0000
614840.0000
614920.0000
615000.0000
615080.0000
615160.0000
615240.0000
615320.0000
615400.0000
615480.0000
615560.0000
615640.0000
615720.0000
615800.0000
615880.0000
615960.0000
616040.0000
616120.0000
616200.0000
616280.0000
616360.0000
616440.0000
616520.0000
616600.0000
616680.0000
616760.0000
616840.0000
616920.0000
617000.0000
617080.0000
617160.0000
617240.0000
617320.0000
617400.0000
617480.0000
617560.0000
617640.0000
617720.0000
617800.0000
617880.0000
617960.0000
618040.0000
618120.0000
618200.0000
618280.0000
618360.0000
618440.0000
618520.0000
618600.0000
618680.0000
618760.0000
618840.0000
618920.0000
619000.0000
619080.0000
619160.0000
619240.0000
619320.0000
619400.0000
619480.0000
619560.0000
619640.0000
619720.0000
619800.0000
619880.0000
619960.0000
620040.0000
620120.0000
620200.0000
620280.0000
620360.0000
620440.0000
620520.0000
620600.0000
620680.0000
620760.0000
620840.0000
620920.0000
621000.0000
621080.0000
621160.0000
621240.0000
621320.0000
621400.0000
621480.0000
621560.0000
621640.0000
621720.0000
621800.0000
621880.0000
621960.0000
622040.0000
622120.0000
622200.0000
622280.0000
622360.0000
622440.0000
622520.0000
622600.0000
622680.0000
622760.0000
622840.0000
622920.0000
623000.0000
623080.0000
623160.0000
623240.0000
623320.0000
623400.0000
623480.0000
623560.0000
623640.0000
623720.0000
623800.0000
623880.0000
623960.0000
624040.0000
624120.0000
624200.0000
624280.0000
624360.0000
624440.0000
624520.0000
624600.0000
624680.0000
624760.0000
624840.0000
624920.0000
625000.0000
625080.0000
625160.0000
625240.0000
625320.0000
625400.0000
625480.0000
625560.0000
625640.0000
625720.0000
625800.0000
625880.0000
625960.0000
626040.0000
626120.0000
626200.0000
626280.0000
626360.0000
626440.0000
626520.0000
626600.0000
626680.0000
626760.0000
626840.0000
626920.0000
627000.0000
627080.0000
627160.0000
627240.0000
627320.0000
627400.0000
627480.0000
627560.0000
627640.0000
627720.0000
627800.0000
627880.0000
627960.0000
628040.0000
628120.0000
628200.0000
628280.0000
628360.0000
628440.0000
628520.0000
628600.0000
628680.0000
628760.0000
628840.0000
628920.0000
629000.0000
629080.0000
629160.0000
629240.0000
629320.0000
629400.0000
629480.0000
629560.0000
629640.0000
629720.0000
629800.0000
629880.0000
629960.0000
630040.0000
630120.0000
630200.0000
630280.0000
630360.0000
630440.0000
630520.0000
630600.0000
630680.0000
630760.0000
630840.0000
630920.0000
631000.0000
631080.0000
631160.0000
631240.0000
631320.0000
631400.0000
631480.0000
631560.0000
631640.0000
631720.0000
631800.0000
631880.0000
631960.0000
632040.0000
632120.0000
632200.0000
632280.0000
632360.0000
632440.0000
632520.0000
632600.0000
632680.0000
632760.0000
632840.0000
632920.0000
633000.0000
633080.0000
633160.0000
633240.0000
633320.0000
633400.0000
633480.0000
633560.0000
633640.0000
633720.0000
633800.0000
633880.0000
633960.0000
634040.0000
634120.0000
634200.0000
634280.0000
634360.0000
634440.0000
634520.0000
634600.0000
634680.0000
634760.0000
634840.0000
634920.0000
635000.0000
635080.0000
635160.0000
635240.0000
635320.0000
635400.0000
635480.0000
635560.0000
635640.0000
635720.0000
635800.0000
635880.0000
635960.0000
636040.0000
636120.0000
636200.0000
636280.0000
636360.0000
636440.0000
636520.0000
636600.0000
636680.0000
636760.0000
636840.0000
636920.0000
637000.0000
637080.0000
637160.0000
637240.0000
637320.0000
637400.0000
637480.0000
637560.0000
637640.0000
637720.0000
637800.0000
637880.0000
637960.0000
638040.0000
638120.0000
638200.0000
638280.0000
638360.0000
638440.0000
638520.0000
638600.0000
638680.0000
638760.0000
638840.0000
638920.0000
639000.0000
639080.0000
639160.0000
639240.0000
639320.0000
639400.0000
639480.0000
639560.0000
639640.0000
639720.0000
639800.0000
639880.0000
639960.0000
640040.0000
640120.0000
640200.0000
640280.0000
640360.0000
640440.0000
640520.0000
640600.0000
640680.0000
640760.0000
640920.0000
641000.0000
641080.0000
641160.0000
641240.0000
641320.0000
641400.0000
641480.0000
641560.0000
641640.0000
641720.0000
641800.0000
641880.0000
641960.0000
642040.0000
642120.0000
642200.0000
642280.0000
642360.0000
642440.0000
642520.0000
642600.0000
642680.0000
642760.0000
642840.0000
642920.0000
643000.0000
643080.0000
643160.0000
643240.0000
643320.0000
643400.0000
643480.0000
643560.0000
643640.0000
643720.0000
643800.0000
643880.0000
643960.0000
644040.0000
644120.0000
644200.0000
644280.0000
644360.0000
644440.0000
644520.0000
644600.0000
644680.0000
644760.0000
644840.0000
644920.0000
645000.0000
645080.0000
645160.0000
645240.0000
645320.0000
645400.0000
645480.0000
645560.0000
645640.0000
645720.0000
645800.0000
645880.0000
645960.0000
646040.0000
646120.0000
646200.0000
646280.0000
646360.0000
646440.0000
646520.0000
646600.0000
646680.0000
646760.0000
646840.0000
646920.0000
647000.0000
647080.0000
647160.0000
647240.0000
647320.0000
647400.0000
647480.0000
647560.0000
647640.0000
647720.0000
647800.0000
647880.0000
647960.0000
648040.0000
648120.0000
648200.0000
648280.0000
648360.0000
648440.0000
648520.0000
648600.0000
648680.0000
648760.0000
648840.0000
648920.0000
649000.0000
649080.0000
649160.0000
649240.0000
649320.0000
649400.0000
649480.0000
649560.0000
649640.0000
649720.0000
649800.0000
649880.0000
649960.0000
650040.0000
650120.0000
650200.0000
650280.0000
650360.0000
650440.0000
650520.0000
650600.0000
650680.0000
650760.0000
650840.0000
650920.0000
651000.0000
651080.0000
651160.0000
651240.0000
651320.0000
651400.0000
651480.0000
651560.0000
651640.0000
651720.0000
651800.0000
651880.0000
651960.0000
652040.0000
652120.0000
652200.0000
652280.0000
652360.0000
652440.0000
652520.0000
652600.0000
652680.0000
652760.0000
652840.0000
652920.0000
653000.0000
653080.0000
653160.0000
653240.0000
653320.0000
653400.0000
653480.0000
653560.0000
653640.0000
653720.0000
653800.0000
653880.0000
653960.0000
654040.0000
654120.0000
654200.0000
654280.0000
654360.0000
654440.0000
654520.0000
654600.0000
654680.0000
654760.0000
654840.0000
654920.0000
655000.0000
655080.0000
655160.0000
655240.0000
655320.0000
655400.0000
655480.0000
655560.0000
655640.0000
655720.0000
655800.0000
655880.0000
655960.0000
656040.0000
656120.0000
656200.0000
656280.0000
656360.0000
656440.0000
656520.0000
656600.0000
656680.0000
656760.0000
656840.0000
656920.0000
657000.0000
657080.0000
657160.0000
657240.0000
657320.0000
657400.0000
657480.0000
657560.0000
657640.0000
657720.0000
657800.0000
657880.0000
657960.0000
658040.0000
658120.0000
658200.0000
658280.0000
658360.0000
658440.0000
658520.0000
658600.0000
658680.0000
658760.0000
658840.0000
658920.0000
659000.0000
659080.0000
659160.0000
659240.0000
659320.0000
659400.0000
659480.0000
659560.0000
659640.0000
659720.0000
659800.0000
659880.0000
659960.0000
660040.0000
660120.0000
660200.0000
660280.0000
660360.0000
660440.0000
660520.0000
660600.0000
660680.0000
660760.0000
660840.0000
660920.0000
661000.0000
661080.0000
661160.0000
661240.0000
661320.0000
661400.0000
661480.0000
661560.0000
661640.0000
661720.0000
661800.0000
661880.0000
661960.0000
662040.0000
662120.0000
662200.0000
662280.0000
662360.0000
662440.0000
662520.0000
662600.0000
662680.0000
662760.0000
662840.0000
662920.0000
663000.0000
663080.0000
663160.0000
663240.0000
663320.0000
663400.0000
663480.0000
663560.0000
663640.0000
663720.0000
663800.0000
663880.0000
663960.0000
664040.0000
664120.0000
664200.0000
664280.0000
664360.0000
664440.0000
664520.0000
664600.0000
664680.0000
664760.0000
664840.0000
664920.0000
665000.0000
665080.0000
665160.0000
665240.0000
665320.0000
665400.0000
665480.0000
665560.0000
665640.0000
665720.0000
665800.0000
665880.0000
665960.0000
666040.0000
666120.0000
666200.0000
666280.0000
666360.0000
666440.0000
666520.0000
666600.0000
666680.0000
666760.0000
666840.0000
666920.0000
667000.0000
667080.0000
667160.0000
667240.0000
667320.0000
667400.0000
667480.0000
667560.0000
667640.0000
667720.0000
667800.0000
667880.0000
667960.0000
668040.0000
668120.0000
668200.0000
668280.0000
668360.0000
668440.0000
668520.0000
668600.0000
668680.0000
668760.0000
668840.0000
668920.0000
669000.0000
669080.0000
669160.0000
669240.0000
669320.0000
669400.0000
669480.0000
669560.0000
669640.0000
669720.0000
669800.0000
669880.0000
669960.0000
670040.0000
670120.0000
670200.0000
670280.0000
670360.0000
670440.0000
670520.0000
670600.0000
670680.0000
670760.0000
670840.0000
670920.0000
671000.0000
671080.0000
671160.0000
671240.0000
671320.0000
671400.0000
671480.0000
671560.0000
671640.0000
671720.0000
671800.0000
671880.0000
675080.0000
675160.0000
675240.0000
675320.0000
675400.0000
675480.0000
675560.0000
675640.0000
675720.0000
675800.0000
675880.0000
675960.0000
676040.0000
676120.0000
676200.0000
676280.0000
676360.0000
676440.0000
676520.0000
676600.0000
676680.0000
676760.0000
676840.0000
676920.0000
677000.0000
677080.0000
677160.0000
677240.0000
677320.0000
677400.0000
677480.0000
677560.0000
677640.0000
677720.0000
677800.0000
677880.0000
677960.0000
678040.0000
678120.0000
678200.0000
678280.0000
678360.0000
678440.0000
678520.0000
678600.0000
678680.0000
678760.0000
678840.0000
678920.0000
679000.0000
679080.0000
679160.0000
679240.0000
679320.0000
679400.0000
679480.0000
679560.0000
679960.0000
680040.0000
680120.0000
680200.0000
680280.0000
680360.0000
680440.0000
680520.0000
680600.0000
680680.0000
680760.0000
680840.0000
680920.0000
681000.0000
681080.0000
681160.0000
681240.0000
681320.0000
681400.0000
681480.0000
681560.0000
681640.0000
681720.0000
681800.0000
681880.0000
681960.0000
682040.0000
682120.0000
682200.0000
682280.0000
682360.0000
682440.0000
682520.0000
682600.0000
682680.0000
682760.0000
682840.0000
682920.0000
683000.0000
683080.0000
683160.0000
683240.0000
683320.0000
683400.0000
683480.0000
683560.0000
683640.0000
683720.0000
683800.0000
683880.0000
683960.0000
684040.0000
684120.0000
684200.0000
684280.0000
684360.0000
684440.0000
684520.0000
684600.0000
684680.0000
684760.0000
684840.0000
684920.0000
685000.0000
685080.0000
685160.0000
685240.0000
685320.0000
685400.0000
685480.0000
685560.0000
685640.0000
685720.0000
685800.0000
685880.0000
685960.0000
686040.0000
686120.0000
686200.0000
686280.0000
686360.0000
686440.0000
686520.0000
686600.0000
686680.0000
686760.0000
686840.0000
686920.0000
687000.0000
687080.0000
687160.0000
687240.0000
687320.0000
687400.0000
687480.0000
687560.0000
687640.0000
687720.0000
687800.0000
687880.0000
687960.0000
688040.0000
688120.0000
688200.0000
688280.0000
688360.0000
688440.0000
688520.0000
688600.0000
688680.0000
688760.0000
688840.0000
688920.0000
689000.0000
689080.0000
689160.0000
689240.0000
689320.0000
689400.0000
689480.0000
689560.0000
689640.0000
689720.0000
689800.0000
689880.0000
689960.0000
690040.0000
690120.0000
690200.0000
690280.0000
690360.0000
690440.0000
690520.0000
690600.0000
690680.0000
690760.0000
690840.0000
690920.0000
691000.0000
691080.0000
691160.0000
691240.0000
691320.0000
691400.0000
691480.0000
691560.0000
691640.0000
691720.0000
691800.0000
691880.0000
691960.0000
692040.0000
692120.0000
692200.0000
692280.0000
692360.0000
692440.0000
692520.0000
692600.0000
692680.0000
692760.0000
692840.0000
692920.0000
693000.0000
693080.0000
693160.0000
693240.0000
693320.0000
693400.0000
693480.0000
693560.0000
693640.0000
693720.0000
693800.0000
693880.0000
693960.0000
694040.0000
694120.0000
694200.0000
694280.0000
694360.0000
694440.0000
694520.0000
694600.0000
694680.0000
694760.0000
694840.0000
694920.0000
695000.0000
695080.0000
695160.0000
695240.0000
695320.0000
695400.0000
695480.0000
695560.0000
695640.0000
695720.0000
695800.0000
695880.0000
695960.0000
696040.0000
696120.0000
696200.0000
696280.0000
696360.0000
696440.0000
696520.0000
696600.0000
696680.0000
696760.0000
696840.0000
696920.0000
697000.0000
697080.0000
697160.0000
697240.0000
697320.0000
697400.0000
697480.0000
697560.0000
697640.0000
697720.0000
697800.0000
697880.0000
697960.0000
698040.0000
698120.0000
698200.0000
698280.0000
698360.0000
698440.0000
698520.0000
698600.0000
698680.0000
698760.0000
698840.0000
698920.0000
699000.0000
699080.0000
699160.0000
699240.0000
699320.0000
699400.0000
699480.0000
699560.0000
699640.0000
699720.0000
699800.0000
699880.0000
699960.0000
700040.0000
700120.0000
700200.0000
700280.0000
700360.0000
700440.0000
700520.0000
700600.0000
700680.0000
700760.0000
700840.0000
700920.0000
701000.0000
701080.0000
701160.0000
701240.0000
701320.0000
701400.0000
701480.0000
701560.0000
701640.0000
701720.0000
701800.0000
701880.0000
701960.0000
702040.0000
702120.0000
702200.0000
702280.0000
702360.0000
702440.0000
702520.0000
702600.0000
702680.0000
702760.0000
702840.0000
702920.0000
703000.0000
703080.0000
703160.0000
703240.0000
703320.0000
703400.0000
703480.0000
703560.0000
703640.0000
703720.0000
703800.0000
703880.0000
703960.0000
704040.0000
704120.0000
704200.0000
704280.0000
704360.0000
704440.0000
704520.0000
704600.0000
704680.0000
704760.0000
704840.0000
704920.0000
705000.0000
705080.0000
705160.0000
705240.0000
705320.0000
705400.0000
705480.0000
705560.0000
705640.0000
705720.0000
705800.0000
705880.0000
705960.0000
706040.0000
706120.0000
706200.0000
706280.0000
706360.0000
706440.0000
706520.0000
706600.0000
706680.0000
706760.0000
706840.0000
706920.0000
707000.0000
707080.0000
707160.0000
707240.0000
707320.0000
707400.0000
707480.0000
707560.0000
707640.0000
707720.0000
707800.0000
707880.0000
707960.0000
708040.0000
708120.0000
708200.0000
708280.0000
708360.0000
708440.0000
708520.0000
708600.0000
708680.0000
708760.0000
708840.0000
708920.0000
709000.0000
709080.0000
709160.0000
709240.0000
709320.0000
709400.0000
709480.0000
709560.0000
709640.0000
709720.0000
709800.0000
709880.0000
709960.0000
710040.0000
710120.0000
710200.0000
710280.0000
710360.0000
710440.0000
710520.0000
710600.0000
710680.0000
710760.0000
710840.0000
710920.0000
711000.0000
711080.0000
711160.0000
711240.0000
711320.0000
711400.0000
711480.0000
711560.0000
711640.0000
711720.0000
711800.0000
711880.0000
711960.0000
712040.0000
712120.0000
712200.0000
712280.0000
712360.0000
712440.0000
712520.0000
712600.0000
712680.0000
712760.0000
712840.0000
712920.0000
713000.0000
713080.0000
713160.0000
713240.0000
713320.0000
713400.0000
713480.0000
713560.0000
713640.0000
713720.0000
713800.0000
713880.0000
713960.0000
714040.0000
714120.0000
714200.0000
714280.0000
714360.0000
714440.0000
714520.0000
714600.0000
714680.0000
714760.0000
714840.0000
714920.0000
715000.0000
715080.0000
715160.0000
715240.0000
715320.0000
715400.0000
715480.0000
715560.0000
715640.0000
715720.0000
715800.0000
715880.0000
715960.0000
716040.0000
716120.0000
716200.0000
716280.0000
716360.0000
716440.0000
716520.0000
716600.0000
716680.0000
716760.0000
716840.0000
716920.0000
717000.0000
717080.0000
717160.0000
717240.0000
717320.0000
717400.0000
717480.0000
717560.0000
717640.0000
717720.0000
717800.0000
717880.0000
717960.0000
718040.0000
718120.0000
718200.0000
718280.0000
718360.0000
718440.0000
718520.0000
718600.0000
718680.0000
718760.0000
718840.0000
718920.0000
719000.0000
719080.0000
719160.0000
719240.0000
719320.0000
719400.0000
719480.0000
719560.0000
719640.0000
719720.0000
719800.0000
719880.0000
719960.0000
720040.0000
720120.0000
720200.0000
720280.0000
720360.0000
720440.0000
720520.0000
720600.0000
720680.0000
720760.0000
720840.0000
720920.0000
721000.0000
721080.0000
721160.0000
721240.0000
721320.0000
721400.0000
721480.0000
721560.0000
721640.0000
721720.0000
721800.0000
721880.0000
721960.0000
722040.0000
722120.0000
722200.0000
722280.0000
722360.0000
722440.0000
722520.0000
722600.0000
722680.0000
722760.0000
722840.0000
722920.0000
723000.0000
723080.0000
723160.0000
723240.0000
723320.0000
723400.0000
723480.0000
723560.0000
723640.0000
723720.0000
723800.0000
723880.0000
723960.0000
724040.0000
724120.0000
724200.0000
724280.0000
724360.0000
724440.0000
724520.0000
724600.0000
724680.0000
724760.0000
724840.0000
724920.0000
725000.0000
725080.0000
725160.0000
725240.0000
725320.0000
725400.0000
725480.0000
725560.0000
725640.0000
725720.0000
725800.0000
725880.0000
725960.0000
726040.0000
726120.0000
726200.0000
726280.0000
726360.0000
726440.0000
726520.0000
726600.0000
726680.0000
726760.0000
726840.0000
726920.0000
727000.0000
727080.0000
727160.0000
727240.0000
727320.0000
727400.0000
727480.0000
727560.0000
727640.0000
727720.0000
727800.0000
727880.0000
727960.0000
728040.0000
728120.0000
728200.0000
728280.0000
728360.0000
728440.0000
728520.0000
728600.0000
728680.0000
728760.0000
728840.0000
728920.0000
729000.0000
729080.0000
729160.0000
729240.0000
729320.0000
729400.0000
729480.0000
729560.0000
729640.0000
729720.0000
729800.0000
729880.0000
729960.0000
730040.0000
730120.0000
730200.0000
730280.0000
730360.0000
730440.0000
730520.0000
730600.0000
730680.0000
730760.0000
730840.0000
730920.0000
731000.0000
731080.0000
731160.0000
731240.0000
731320.0000
731400.0000
731480.0000
731560.0000
731640.0000
731720.0000
731800.0000
731880.0000
731960.0000
732040.0000
732120.0000
732200.0000
732280.0000
732360.0000
732440.0000
732520.0000
732600.0000
732680.0000
732760.0000
732840.0000
732920.0000
733000.0000
733080.0000
733160.0000
733240.0000
733320.0000
733400.0000
733480.0000
733560.0000
733640.0000
733720.0000
733800.0000
733880.0000
733960.0000
734040.0000
734120.0000
734200.0000
734280.0000
734360.0000
734440.0000
737960.0000
738040.0000
738120.0000
738200.0000
738280.0000
738360.0000
738440.0000
738520.0000
738600.0000
738680.0000
738760.0000
738840.0000
738920.0000
739000.0000
739080.0000
739160.0000
739240.0000
739320.0000
739400.0000
739480.0000
739560.0000
739640.0000
739720.0000
739800.0000
739880.0000
739960.0000
740040.0000
740120.0000
740200.0000
740280.0000
740360.0000
740440.0000
740520.0000
740600.0000
740680.0000
740760.0000
740840.0000
740920.0000
741000.0000
741080.0000
741160.0000
741240.0000
741320.0000
741400.0000
741480.0000
741560.0000
741640.0000
741720.0000
741800.0000
741880.0000
741960.0000
742040.0000
742120.0000
742200.0000
742280.0000
742360.0000
742440.0000
742520.0000
742600.0000
742680.0000
742760.0000
742840.0000
742920.0000
743000.0000
743080.0000
743160.0000
743240.0000
743320.0000
743400.0000
743480.0000
743560.0000
743640.0000
743720.0000
743800.0000
743880.0000
743960.0000
744040.0000
744120.0000
744200.0000
744280.0000
744360.0000
744440.0000
744520.0000
744600.0000
744680.0000
744760.0000
744840.0000
744920.0000
745000.0000
745080.0000
745160.0000
745240.0000
745320.0000
745400.0000
745480.0000
745560.0000
745640.0000
745720.0000
745800.0000
745880.0000
745960.0000
746040.0000
746120.0000
746200.0000
746280.0000
746360.0000
746440.0000
746520.0000
746600.0000
746680.0000
746760.0000
746840.0000
746920.0000
747000.0000
747080.0000
747160.0000
747240.0000
747320.0000
747400.0000
747480.0000
747560.0000
747640.0000
747720.0000
747800.0000
747880.0000
747960.0000
748040.0000
748120.0000
748200.0000
748280.0000
748360.0000
748440.0000
748520.0000
748600.0000
748680.0000
748760.0000
748840.0000
748920.0000
749000.0000
749080.0000
749160.0000
749240.0000
749320.0000
749400.0000
749480.0000
749560.0000
749640.0000
749720.0000
749800.0000
749880.0000
749960.0000
750040.0000
750120.0000
750200.0000
750280.0000
750360.0000
750440.0000
750520.0000
750600.0000
750680.0000
750760.0000
750840.0000
750920.0000
751000.0000
751080.0000
751160.0000
751240.0000
751320.0000
751400.0000
751480.0000
751560.0000
751640.0000
751720.0000
751800.0000
751880.0000
751960.0000
752040.0000
752120.0000
752200.0000
752280.0000
752360.0000
752440.0000
752520.0000
752600.0000
752680.0000
752760.0000
752840.0000
752920.0000
753000.0000
753080.0000
753160.0000
753240.0000
753320.0000
753400.0000
753480.0000
753560.0000
753640.0000
753720.0000
753800.0000
753880.0000
753960.0000
754040.0000
754120.0000
754200.0000
754280.0000
754360.0000
754440.0000
754520.0000
754600.0000
754680.0000
754760.0000
754840.0000
754920.0000
755000.0000
755080.0000
755160.0000
755240.0000
755320.0000
755400.0000
755480.0000
755560.0000
755640.0000
755720.0000
755800.0000
755880.0000
755960.0000
756040.0000
756120.0000
756200.0000
756280.0000
756360.0000
756440.0000
756520.0000
756600.0000
756680.0000
756760.0000
756840.0000
756920.0000
757000.0000
757080.0000
757160.0000
757240.0000
757320.0000
757400.0000
757480.0000
757560.0000
757640.0000
757720.0000
757800.0000
757880.0000
757960.0000
758040.0000
758120.0000
758200.0000
758280.0000
758360.0000
758440.0000
758520.0000
758600.0000
758680.0000
758760.0000
758840.0000
758920.0000
759000.0000
759080.0000
759160.0000
759240.0000
759320.0000
759400.0000
759480.0000
759560.0000
759640.0000
759720.0000
759800.0000
759880.0000
759960.0000
760040.0000
760120.0000
760200.0000
760280.0000
760360.0000
760440.0000
760520.0000
760600.0000
760680.0000
760760.0000
760840.0000
760920.0000
761000.0000
761080.0000
761160.0000
761240.0000
761320.0000
761400.0000
761480.0000
761560.0000
761640.0000
761720.0000
761800.0000
761880.0000
761960.0000
762040.0000
762120.0000
762200.0000
762280.0000
762360.0000
762440.0000
762520.0000
762600.0000
762680.0000
762760.0000
762840.0000
762920.0000
763000.0000
763080.0000
763160.0000
763240.0000
763320.0000
763400.0000
763480.0000
763560.0000
763640.0000
763720.0000
763800.0000
763880.0000
763960.0000
764040.0000
764120.0000
764200.0000
764280.0000
764360.0000
764440.0000
764520.0000
764600.0000
764680.0000
764760.0000
764840.0000
764920.0000
765000.0000
765080.0000
765160.0000
765240.0000
765320.0000
765400.0000
765480.0000
765560.0000
765640.0000
765720.0000
765800.0000
765880.0000
765960.0000
766040.0000
766120.0000
766200.0000
766280.0000
766360.0000
766440.0000
766520.0000
766600.0000
766680.0000
766760.0000
766840.0000
766920.0000
767000.0000
767080.0000
767160.0000
767240.0000
767320.0000
767400.0000
767480.0000
767560.0000
767640.0000
767720.0000
767800.0000
767880.0000
767960.0000
768040.0000
768120.0000
768200.0000
768280.0000
768360.0000
768440.0000
768520.0000
768600.0000
768680.0000
768760.0000
768840.0000
768920.0000
769000.0000
769080.0000
769160.0000
769240.0000
769320.0000
769400.0000
769480.0000
769560.0000
769640.0000
769720.0000
769800.0000
769880.0000
769960.0000
770040.0000
770120.0000
770200.0000
770280.0000
770360.0000
770440.0000
770520.0000
770600.0000
770680.0000
770840.0000
770920.0000
771000.0000
771080.0000
771160.0000
771240.0000
771320.0000
771400.0000
771480.0000
771560.0000
771640.0000
771720.0000
771800.0000
771880.0000
771960.0000
772040.0000
772120.0000
772200.0000
772280.0000
772360.0000
772440.0000
772520.0000
772600.0000
772680.0000
772760.0000
772840.0000
772920.0000
773000.0000
773080.0000
773160.0000
773240.0000
773320.0000
773400.0000
773480.0000
773560.0000
773640.0000
773720.0000
773800.0000
773880.0000
773960.0000
774040.0000
774120.0000
774200.0000
774280.0000
774360.0000
774440.0000
774520.0000
774600.0000
774680.0000
774760.0000
774840.0000
774920.0000
775000.0000
775080.0000
775160.0000
775240.0000
775320.0000
775400.0000
775480.0000
775560.0000
775640.0000
775720.0000
775800.0000
775880.0000
775960.0000
776040.0000
776120.0000
776200.0000
776280.0000
776360.0000
776440.0000
776520.0000
776600.0000
776680.0000
776760.0000
776840.0000
776920.0000
777000.0000
777080.0000
777160.0000
777240.0000
777320.0000
777400.0000
777480.0000
777560.0000
777640.0000
777720.0000
777800.0000
777880.0000
777960.0000
778040.0000
778120.0000
778200.0000
778280.0000
778360.0000
778440.0000
778520.0000
778600.0000
778680.0000
778760.0000
778840.0000
778920.0000
779000.0000
779080.0000
779160.0000
779240.0000
779320.0000
779400.0000
779480.0000
779560.0000
779640.0000
779720.0000
779800.0000
779880.0000
779960.0000
780040.0000
780120.0000
780200.0000
780280.0000
780360.0000
780440.0000
780520.0000
780600.0000
780680.0000
780760.0000
780840.0000
780920.0000
781000.0000
781080.0000
781160.0000
781240.0000
781320.0000
781400.0000
781480.0000
781560.0000
781640.0000
781720.0000
781800.0000
781880.0000
781960.0000
782040.0000
782120.0000
782200.0000
782280.0000
782360.0000
782440.0000
782520.0000
782600.0000
782680.0000
782760.0000
782840.0000
782920.0000
783000.0000
783080.0000
783160.0000
783240.0000
783320.0000
783400.0000
783480.0000
783560.0000
783640.0000
783720.0000
783800.0000
783880.0000
783960.0000
784040.0000
784120.0000
784200.0000
784280.0000
784360.0000
784440.0000
784520.0000
784600.0000
784680.0000
784760.0000
784840.0000
784920.0000
785000.0000
785080.0000
785160.0000
785240.0000
785320.0000
785400.0000
785480.0000
785560.0000
785640.0000
785720.0000
785800.0000
785880.0000
785960.0000
786040.0000
786120.0000
786200.0000
786280.0000
786360.0000
786440.0000
786520.0000
786600.0000
786680.0000
786760.0000
786840.0000
786920.0000
787000.0000
787080.0000
787160.0000
787240.0000
787320.0000
787400.0000
787480.0000
787560.0000
787640.0000
787720.0000
787800.0000
787880.0000
787960.0000
788040.0000
788120.0000
788200.0000
788280.0000
788360.0000
788440.0000
788520.0000
788600.0000
788680.0000
788760.0000
788840.0000
788920.0000
789000.0000
789080.0000
789160.0000
789240.0000
789320.0000
789400.0000
789480.0000
789560.0000
789640.0000
789720.0000
789800.0000
789880.0000
789960.0000
790040.0000
790120.0000
790200.0000
790280.0000
790360.0000
790440.0000
790520.0000
790600.0000
790680.0000
790760.0000
790840.0000
790920.0000
791000.0000
791080.0000
791160.0000
791240.0000
791320.0000
791400.0000
791480.0000
791560.0000
791640.0000
791720.0000
791800.0000
791880.0000
791960.0000
792040.0000
792120.0000
792200.0000
792280.0000
792360.0000
792440.0000
792520.0000
792600.0000
792680.0000
792760.0000
792840.0000
792920.0000
793000.0000
793080.0000
793160.0000
793240.0000
793320.0000
793400.0000
793480.0000
793560.0000
793640.0000
793720.0000
793800.0000
793880.0000
793960.0000
794040.0000
794120.0000
794200.0000
794280.0000
794360.0000
794440.0000
794520.0000
794600.0000
794680.0000
794760.0000
794840.0000
794920.0000
795000.0000
795080.0000
795160.0000
795240.0000
795320.0000
795400.0000
795480.0000
795560.0000
795640.0000
795720.0000
795800.0000
795880.0000
795960.0000
796040.0000
796120.0000
796200.0000
796280.0000
796360.0000
796440.0000
796520.0000
796600.0000
796680.0000
796760.0000
796840.0000
796920.0000
797000.0000
797080.0000
797160.0000
797240.0000
797320.0000
797400.0000
797480.0000
797560.0000
797640.0000
797720.0000
797800.0000
797880.0000
797960.0000
798040.0000
798120.0000
798200.0000
798280.0000
798360.0000
798440.0000
798520.0000
798600.0000
798680.0000
798760.0000
798840.0000
798920.0000
799000.0000
799080.0000
799160.0000
799240.0000
799320.0000
799400.0000
799480.0000
799560.0000
799640.0000
799720.0000
799880.0000
799960.0000
800040.0000
800120.0000
800200.0000
800280.0000
800360.0000
800440.0000
800520.0000
800600.0000
800680.0000
800760.0000
800840.0000
800920.0000
801000.0000
801080.0000
801160.0000
801240.0000
801320.0000
801400.0000
801480.0000
801560.0000
801640.0000
801720.0000
801800.0000
801880.0000
801960.0000
802040.0000
802120.0000
802200.0000
802280.0000
802360.0000
802440.0000
802520.0000
802600.0000
802680.0000
802760.0000
802840.0000
802920.0000
803000.0000
803080.0000
803160.0000
803240.0000
803320.0000
803400.0000
803480.0000
803560.0000
803640.0000
803720.0000
803800.0000
803880.0000
803960.0000
804040.0000
804120.0000
804200.0000
804280.0000
804360.0000
804440.0000
804520.0000
804600.0000
804680.0000
804760.0000
804840.0000
804920.0000
805000.0000
805080.0000
805160.0000
805240.0000
805320.0000
805400.0000
805480.0000
805560.0000
805640.0000
805720.0000
805800.0000
805880.0000
805960.0000
806040.0000
806120.0000
806200.0000
806280.0000
806360.0000
806440.0000
806520.0000
806600.0000
806680.0000
806760.0000
806840.0000
806920.0000
807000.0000
807080.0000
807160.0000
807240.0000
807320.0000
807400.0000
810520.0000
810600.0000
810680.0000
810760.0000
810840.0000
810920.0000
811000.0000
811080.0000
811160.0000
811240.0000
811320.0000
811400.0000
811480.0000
811560.0000
811640.0000
811720.0000
811800.0000
811880.0000
811960.0000
812040.0000
812120.0000
812200.0000
812280.0000
812360.0000
812440.0000
812520.0000
812600.0000
812680.0000
812920.0000
813000.0000
813080.0000
813160.0000
813240.0000
813320.0000
813400.0000
813480.0000
813560.0000
813640.0000
813720.0000
813800.0000
813880.0000
813960.0000
814040.0000
814120.0000
814200.0000
814280.0000
814360.0000
814440.0000
814520.0000
814600.0000
814680.0000
814760.0000
814840.0000
814920.0000
815000.0000
815080.0000
815160.0000
815240.0000
815320.0000
815400.0000
815720.0000
815800.0000
815880.0000
815960.0000
816040.0000
816120.0000
816200.0000
816280.0000
816360.0000
816440.0000
816520.0000
816600.0000
816680.0000
816760.0000
816840.0000
816920.0000
817000.0000
817080.0000
817160.0000
817240.0000
817320.0000
817400.0000
817480.0000
817560.0000
817640.0000
817720.0000
817800.0000
817880.0000
817960.0000
818040.0000
818120.0000
818200.0000
818280.0000
818360.0000
818440.0000
818520.0000
818600.0000
818680.0000
818760.0000
818840.0000
818920.0000
819000.0000
819080.0000
819160.0000
819240.0000
819320.0000
819400.0000
819480.0000
819560.0000
819640.0000
819720.0000
819800.0000
819880.0000
819960.0000
820040.0000
820120.0000
820200.0000
820280.0000
820360.0000
820440.0000
820520.0000
820600.0000
820680.0000
820760.0000
820840.0000
820920.0000
821000.0000
821080.0000
821160.0000
821240.0000
821320.0000
821400.0000
821480.0000
821560.0000
821640.0000
821720.0000
821800.0000
821880.0000
821960.0000
822040.0000
822120.0000
822200.0000
822280.0000
822360.0000
822440.0000
822520.0000
822600.0000
822680.0000
822760.0000
822840.0000
822920.0000
823000.0000
823080.0000
823160.0000
823240.0000
823320.0000
823400.0000
823480.0000
823560.0000
823640.0000
823720.0000
823800.0000
823880.0000
823960.0000
824040.0000
824120.0000
824200.0000
824280.0000
824360.0000
824440.0000
824520.0000
824600.0000
824680.0000
824760.0000
824840.0000
824920.0000
825000.0000
825080.0000
825160.0000
825240.0000
825320.0000
825400.0000
825480.0000
825560.0000
825640.0000
825720.0000
825800.0000
825880.0000
825960.0000
826040.0000
826120.0000
826200.0000
826280.0000
826360.0000
826440.0000
826520.0000
826600.0000
826680.0000
826760.0000
826840.0000
826920.0000
827000.0000
827080.0000
827160.0000
827240.0000
827320.0000
827400.0000
827480.0000
827560.0000
827640.0000
827720.0000
827800.0000
827880.0000
827960.0000
828040.0000
828120.0000
828200.0000
828280.0000
828360.0000
828440.0000
828520.0000
828600.0000
828680.0000
828760.0000
828840.0000
828920.0000
829000.0000
829080.0000
829160.0000
829240.0000
829320.0000
829400.0000
829480.0000
829560.0000
829640.0000
829720.0000
829800.0000
829880.0000
829960.0000
830040.0000
830120.0000
830200.0000
830280.0000
830360.0000
830440.0000
830520.0000
830600.0000
830680.0000
830760.0000
830840.0000
830920.0000
831000.0000
831080.0000
831160.0000
831240.0000
831320.0000
831400.0000
831480.0000
831560.0000
831640.0000
831720.0000
831800.0000
831880.0000
831960.0000
832040.0000
832120.0000
832200.0000
832280.0000
832360.0000
832440.0000
832520.0000
832600.0000
832680.0000
832760.0000
832840.0000
832920.0000
833000.0000
833080.0000
833160.0000
833240.0000
833320.0000
833400.0000
833480.0000
833560.0000
833640.0000
833720.0000
833800.0000
833880.0000
833960.0000
834040.0000
834120.0000
834200.0000
834280.0000
834360.0000
834440.0000
834520.0000
834600.0000
834680.0000
834760.0000
834840.0000
834920.0000
835000.0000
835080.0000
835160.0000
835240.0000
835320.0000
835400.0000
835480.0000
835560.0000
835640.0000
835720.0000
835800.0000
835880.0000
835960.0000
836040.0000
836120.0000
836200.0000
836280.0000
836360.0000
836440.0000
836520.0000
836600.0000
836680.0000
836760.0000
836840.0000
836920.0000
837000.0000
837080.0000
837160.0000
837240.0000
837320.0000
837400.0000
837480.0000
837560.0000
837640.0000
841480.0000
841560.0000
841640.0000
841720.0000
841800.0000
841880.0000
841960.0000
842040.0000
842120.0000
842200.0000
842280.0000
842360.0000
842440.0000
842520.0000
842600.0000
842680.0000
842760.0000
842840.0000
842920.0000
843000.0000
843080.0000
843160.0000
843240.0000
843320.0000
843400.0000
843480.0000
843560.0000
843640.0000
843720.0000
843800.0000
843880.0000
843960.0000
844040.0000
844120.0000
844200.0000
844280.0000
844360.0000
844440.0000
844520.0000
844600.0000
844680.0000
844760.0000
844840.0000
844920.0000
845000.0000
845080.0000
845160.0000
845240.0000
845320.0000
845400.0000
845480.0000
845560.0000
845640.0000
845720.0000
845800.0000
845880.0000
845960.0000
846040.0000
846120.0000
846200.0000
846280.0000
846360.0000
846440.0000
846520.0000
846600.0000
846680.0000
846760.0000
846840.0000
846920.0000
847000.0000
847080.0000
847160.0000
847240.0000
847320.0000
847400.0000
847480.0000
847560.0000
847640.0000
847720.0000
847800.0000
847880.0000
847960.0000
848040.0000
848120.0000
848200.0000
848280.0000
848360.0000
848440.0000
848520.0000
848600.0000
848680.0000
848760.0000
848840.0000
848920.0000
849000.0000
849080.0000
849160.0000
849240.0000
849320.0000
849400.0000
849480.0000
849560.0000
849640.0000
849720.0000
849800.0000
849880.0000
849960.0000
850040.0000
850120.0000
850200.0000
850280.0000
850360.0000
850440.0000
850520.0000
850600.0000
850680.0000
850760.0000
850840.0000
850920.0000
851000.0000
851080.0000
851160.0000
851240.0000
851320.0000
851400.0000
851480.0000
851560.0000
851640.0000
851720.0000
851800.0000
851880.0000
851960.0000
852040.0000
852120.0000
852200.0000
852280.0000
852360.0000
852440.0000
852520.0000
852600.0000
852680.0000
852760.0000
852840.0000
852920.0000
853000.0000
853080.0000
853160.0000
853240.0000
853320.0000
853400.0000
853480.0000
853560.0000
853640.0000
853720.0000
853800.0000
853880.0000
853960.0000
854040.0000
854120.0000
854200.0000
854280.0000
854360.0000
854440.0000
854520.0000
854600.0000
854680.0000
854760.0000
854840.0000
854920.0000
855000.0000
855080.0000
855160.0000
855240.0000
855320.0000
855400.0000
855480.0000
855560.0000
855640.0000
855720.0000
855800.0000
855880.0000
855960.0000
856040.0000
856120.0000
856200.0000
856280.0000
856360.0000
856440.0000
856520.0000
856600.0000
856680.0000
856760.0000
856840.0000
856920.0000
857000.0000
857080.0000
857160.0000
857240.0000
857320.0000
857400.0000
857480.0000
857560.0000
857640.0000
857720.0000
857800.0000
857880.0000
857960.0000
858040.0000
858120.0000
858200.0000
858280.0000
858360.0000
858440.0000
858520.0000
858600.0000
858680.0000
858760.0000
858840.0000
858920.0000
859000.0000
859080.0000
859160.0000
859240.0000
859320.0000
859400.0000
859480.0000
859560.0000
859640.0000
859720.0000
859800.0000
859880.0000
859960.0000
860040.0000
860120.0000
860200.0000
860280.0000
860360.0000
860440.0000
860520.0000
860600.0000
860680.0000
860760.0000
860840.0000
860920.0000
861000.0000
861080.0000
861160.0000
861240.0000
861320.0000
861400.0000
861480.0000
861560.0000
861640.0000
861720.0000
861800.0000
861880.0000
861960.0000
862040.0000
862120.0000
862200.0000
862280.0000
862360.0000
862440.0000
862520.0000
862600.0000
862680.0000
862760.0000
862840.0000
862920.0000
863000.0000
863080.0000
863160.0000
863240.0000
863320.0000
863400.0000
863480.0000
863560.0000
863640.0000
863720.0000
863800.0000
863880.0000
863960.0000
864040.0000
864120.0000
864200.0000
864280.0000
864360.0000
864440.0000
864520.0000
864600.0000
864680.0000
864760.0000
864840.0000
864920.0000
865000.0000
865080.0000
865160.0000
865240.0000
865320.0000
865400.0000
865480.0000
865560.0000
865640.0000
865720.0000
865800.0000
865880.0000
865960.0000
866040.0000
866120.0000
866200.0000
866280.0000
866360.0000
866440.0000
866520.0000
866600.0000
866680.0000
866760.0000
866840.0000
866920.0000
867000.0000
867080.0000
867160.0000
867240.0000
867320.0000
867400.0000
867480.0000
867560.0000
867640.0000
867720.0000
867800.0000
867880.0000
867960.0000
868040.0000
868120.0000
868200.0000
868280.0000
868360.0000
868440.0000
868520.0000
868600.0000
868680.0000
868760.0000
868840.0000
868920.0000
869000.0000
869080.0000
869160.0000
869240.0000
869320.0000
869400.0000
869480.0000
869560.0000
869640.0000
869720.0000
869800.0000
869880.0000
869960.0000
870040.0000
870120.0000
870200.0000
870280.0000
870360.0000
870440.0000
870520.0000
870600.0000
870680.0000
870760.0000
870840.0000
870920.0000
871000.0000
871080.0000
871160.0000
871240.0000
871320.0000
871400.0000
871480.0000
871560.0000
871640.0000
871720.0000
871800.0000
871880.0000
871960.0000
872040.0000
872120.0000
872200.0000
872280.0000
872360.0000
872440.0000
872520.0000
872600.0000
872680.0000
873080.0000
873160.0000
873240.0000
873320.0000
873400.0000
873480.0000
873560.0000
873640.0000
873720.0000
873800.0000
873880.0000
873960.0000
874040.0000
874120.0000
874200.0000
874280.0000
874360.0000
874440.0000
874520.0000
874600.0000
874680.0000
874760.0000
874840.0000
874920.0000
875000.0000
875080.0000
875160.0000
875240.0000
875320.0000
875400.0000
875480.0000
875560.0000
875640.0000
875720.0000
875800.0000
875880.0000
875960.0000
876040.0000
876120.0000
876200.0000
876280.0000
876360.0000
876440.0000
876520.0000
876600.0000
876680.0000
876760.0000
876840.0000
876920.0000
880760.0000
880840.0000
880920.0000
881000.0000
881080.0000
881160.0000
881240.0000
881320.0000
881400.0000
881480.0000
881560.0000
881640.0000
881720.0000
881800.0000
881880.0000
881960.0000
882040.0000
882120.0000
882200.0000
882280.0000
882360.0000
882440.0000
882520.0000
882600.0000
882680.0000
882760.0000
882840.0000
882920.0000
883000.0000
883080.0000
883160.0000
883240.0000
883320.0000
883400.0000
883480.0000
883560.0000
883640.0000
883960.0000
884040.0000
884120.0000
884200.0000
884280.0000
884360.0000
884440.0000
884520.0000
884600.0000
884680.0000
884760.0000
884840.0000
884920.0000
885000.0000
885080.0000
885160.0000
885240.0000
885320.0000
885400.0000
885480.0000
885560.0000
885640.0000
885720.0000
885800.0000
885880.0000
885960.0000
886040.0000
886120.0000
886200.0000
886280.0000
886360.0000
886440.0000
886520.0000
886600.0000
886680.0000
886760.0000
886840.0000
886920.0000
887000.0000
887080.0000
887160.0000
887240.0000
887320.0000
887400.0000
887480.0000
887560.0000
887640.0000
887720.0000
887800.0000
887880.0000
887960.0000
888040.0000
888120.0000
888200.0000
888280.0000
888360.0000
888440.0000
888520.0000
888600.0000
888680.0000
888760.0000
888840.0000
888920.0000
889000.0000
889080.0000
889160.0000
889240.0000
889320.0000
889400.0000
889480.0000
889560.0000
889640.0000
889720.0000
889800.0000
889880.0000
889960.0000
890040.0000
890120.0000
890200.0000
890280.0000
890360.0000
890440.0000
890520.0000
890600.0000
890680.0000
890760.0000
890840.0000
890920.0000
891000.0000
891080.0000
891160.0000
891240.0000
891320.0000
891400.0000
891480.0000
891560.0000
891640.0000
891720.0000
891800.0000
891880.0000
891960.0000
892040.0000
892120.0000
892200.0000
892280.0000
892360.0000
892440.0000
892520.0000
892600.0000
892680.0000
892760.0000
892840.0000
892920.0000
893000.0000
893080.0000
893160.0000
893240.0000
893320.0000
893400.0000
893480.0000
893560.0000
893640.0000
893720.0000
893800.0000
893880.0000
893960.0000
894040.0000
894120.0000
894200.0000
894280.0000
894360.0000
894440.0000
894520.0000
894600.0000
894680.0000
894760.0000
894840.0000
894920.0000
895000.0000
895080.0000
895160.0000
895240.0000
895320.0000
895400.0000
895480.0000
895560.0000
895640.0000
895720.0000
895800.0000
895880.0000
895960.0000
896040.0000
896120.0000
896200.0000
896280.0000
896360.0000
896440.0000
896520.0000
896600.0000
896680.0000
896760.0000
896840.0000
896920.0000
897000.0000
897080.0000
897160.0000
897240.0000
897320.0000
897400.0000
897480.0000
897560.0000
897640.0000
897720.0000
897800.0000
897880.0000
897960.0000
898040.0000
898120.0000
898200.0000
898280.0000
898360.0000
898440.0000
898520.0000
898600.0000
898680.0000
898760.0000
898840.0000
898920.0000
899000.0000
899080.0000
899160.0000
899240.0000
899320.0000
899400.0000
899480.0000
899560.0000
899640.0000
899720.0000
899800.0000
899880.0000
899960.0000
900040.0000
900120.0000
900200.0000
900280.0000
900360.0000
900440.0000
900520.0000
900600.0000
900680.0000
900760.0000
900840.0000
900920.0000
901000.0000
901080.0000
901160.0000
901240.0000
901320.0000
901400.0000
901480.0000
901560.0000
901640.0000
901720.0000
901800.0000
901880.0000
901960.0000
902040.0000
902120.0000
902200.0000
902280.0000
902360.0000
902440.0000
902520.0000
902600.0000
902680.0000
902760.0000
902840.0000
902920.0000
903000.0000
903080.0000
903160.0000
903240.0000
903320.0000
903400.0000
903480.0000
903560.0000
903640.0000
903720.0000
903800.0000
903880.0000
903960.0000
904040.0000
904120.0000
904200.0000
904280.0000
904360.0000
904440.0000
904520.0000
904600.0000
904680.0000
904760.0000
904840.0000
904920.0000
905000.0000
905080.0000
905160.0000
905240.0000
905320.0000
905400.0000
905480.0000
905560.0000
905640.0000
905720.0000
905800.0000
905880.0000
905960.0000
906040.0000
906120.0000
906200.0000
906280.0000
906360.0000
906440.0000
906520.0000
906600.0000
906680.0000
906760.0000
906840.0000
906920.0000
907000.0000
907080.0000
907160.0000
907240.0000
907320.0000
907400.0000
907480.0000
907560.0000
907640.0000
907720.0000
907800.0000
907880.0000
907960.0000
908040.0000
908120.0000
908200.0000
908280.0000
908360.0000
908440.0000
908520.0000
908600.0000
908680.0000
908760.0000
908840.0000
908920.0000
909000.0000
909080.0000
909160.0000
909240.0000
909320.0000
909400.0000
909480.0000
909560.0000
909640.0000
909720.0000
909800.0000
909880.0000
909960.0000
910040.0000
910120.0000
910200.0000
910280.0000
910360.0000
910440.0000
910520.0000
910600.0000
910680.0000
910760.0000
910840.0000
910920.0000
911000.0000
911080.0000
911160.0000
911240.0000
911320.0000
911400.0000
911480.0000
911560.0000
911640.0000
911720.0000
911800.0000
911880.0000
911960.0000
912040.0000
912120.0000
912200.0000
912280.0000
912360.0000
912440.0000
912520.0000
912600.0000
912680.0000
912760.0000
912840.0000
912920.0000
913000.0000
913080.0000
913160.0000
913240.0000
913320.0000
913400.0000
913480.0000
913560.0000
913640.0000
913720.0000
913800.0000
913880.0000
913960.0000
914040.0000
914120.0000
914200.0000
914280.0000
914360.0000
914440.0000
914520.0000
914600.0000
914680.0000
914760.0000
914840.0000
914920.0000
915000.0000
915080.0000
915160.0000
915240.0000
915320.0000
915400.0000
915480.0000
915560.0000
915640.0000
915720.0000
915800.0000
915880.0000
915960.0000
916040.0000
916120.0000
916200.0000
916280.0000
916360.0000
916440.0000
916520.0000
916600.0000
916680.0000
916760.0000
916840.0000
916920.0000
917000.0000
917080.0000
917160.0000
917240.0000
917320.0000
917400.0000
917480.0000
917560.0000
917640.0000
917720.0000
917800.0000
917880.0000
917960.0000
918040.0000
918120.0000
918200.0000
918280.0000
918360.0000
918440.0000
918520.0000
918600.0000
918680.0000
918760.0000
918840.0000
918920.0000
919000.0000
919080.0000
919160.0000
919240.0000
919320.0000
919400.0000
919480.0000
919560.0000
919640.0000
919720.0000
919800.0000
919880.0000
919960.0000
920040.0000
920120.0000
920200.0000
920280.0000
920360.0000
920440.0000
920520.0000
920600.0000
920680.0000
920760.0000
920840.0000
920920.0000
921000.0000
921080.0000
921160.0000
921240.0000
921320.0000
921400.0000
921480.0000
921560.0000
921640.0000
921720.0000
921800.0000
921880.0000
921960.0000
922040.0000
922120.0000
922200.0000
922280.0000
922360.0000
922440.0000
922520.0000
922600.0000
922680.0000
922760.0000
922840.0000
922920.0000
923000.0000
923320.0000
923400.0000
923480.0000
923560.0000
923640.0000
923720.0000
923800.0000
923880.0000
923960.0000
924040.0000
924120.0000
924200.0000
924280.0000
924360.0000
924440.0000
924520.0000
924600.0000
924680.0000
924760.0000
924840.0000
924920.0000
925000.0000
925080.0000
925160.0000
925240.0000
925320.0000
925400.0000
925480.0000
925560.0000
925640.0000
925720.0000
925800.0000
925880.0000
925960.0000
926040.0000
926120.0000
926200.0000
926280.0000
926360.0000
926440.0000
926520.0000
926600.0000
926680.0000
926760.0000
926840.0000
926920.0000
927000.0000
927080.0000
927160.0000
927240.0000
927320.0000
927400.0000
927480.0000
927560.0000
927640.0000
927720.0000
927800.0000
927880.0000
927960.0000
928040.0000
928120.0000
928200.0000
928280.0000
928360.0000
928440.0000
928520.0000
928600.0000
928680.0000
928760.0000
928840.0000
928920.0000
929000.0000
929080.0000
929160.0000
929240.0000
929320.0000
929400.0000
929480.0000
929560.0000
929640.0000
929720.0000
929800.0000
929880.0000
929960.0000
930040.0000
930120.0000
930200.0000
930280.0000
930360.0000
930440.0000
930520.0000
930600.0000
930680.0000
930760.0000
930840.0000
930920.0000
931000.0000
931080.0000
931160.0000
931240.0000
931320.0000
931400.0000
931480.0000
931560.0000
931640.0000
931720.0000
931800.0000
931880.0000
931960.0000
932040.0000
932120.0000
932200.0000
932280.0000
932360.0000
932440.0000
932520.0000
932600.0000
932680.0000
932760.0000
932840.0000
932920.0000
933000.0000
933080.0000
933160.0000
933240.0000
933320.0000
933400.0000
933480.0000
933560.0000
933640.0000
933720.0000
933800.0000
933880.0000
933960.0000
934040.0000
934120.0000
934200.0000
934280.0000
934360.0000
934440.0000
934520.0000
934600.0000
934680.0000
934760.0000
934840.0000
934920.0000
935000.0000
935080.0000
935160.0000
935240.0000
935320.0000
935400.0000
935480.0000
935560.0000
935640.0000
935720.0000
935800.0000
935880.0000
935960.0000
936040.0000
936120.0000
936200.0000
936280.0000
936360.0000
936440.0000
936520.0000
936600.0000
936680.0000
936760.0000
936840.0000
936920.0000
937000.0000
937080.0000
937160.0000
937240.0000
937320.0000
937400.0000
937480.0000
937560.0000
937640.0000
937720.0000
937800.0000
937880.0000
937960.0000
938040.0000
938120.0000
938200.0000
938280.0000
938360.0000
938440.0000
938520.0000
938600.0000
938680.0000
938760.0000
938840.0000
938920.0000
939000.0000
939080.0000
939160.0000
939240.0000
939320.0000
939400.0000
939480.0000
939560.0000
939640.0000
939720.0000
939800.0000
939880.0000
939960.0000
940040.0000
940120.0000
940200.0000
940280.0000
940360.0000
940440.0000
940520.0000
944920.0000
945000.0000
945080.0000
945160.0000
945240.0000
945320.0000
945400.0000
945480.0000
945560.0000
945640.0000
945720.0000
945800.0000
945880.0000
945960.0000
946040.0000
946120.0000
946200.0000
946280.0000
946360.0000
946440.0000
946520.0000
946600.0000
946680.0000
946760.0000
946840.0000
946920.0000
947000.0000
947080.0000
947160.0000
947240.0000
947320.0000
947400.0000
947480.0000
947560.0000
947640.0000
947720.0000
947800.0000
947880.0000
947960.0000
948040.0000
948120.0000
948200.0000
948280.0000
948360.0000
948440.0000
948520.0000
948600.0000
948680.0000
948760.0000
948840.0000
948920.0000
949000.0000
949080.0000
949160.0000
949240.0000
949320.0000
949400.0000
949480.0000
949560.0000
949640.0000
949720.0000
949800.0000
949880.0000
949960.0000
950040.0000
950120.0000
950200.0000
950280.0000
950360.0000
950440.0000
950520.0000
950600.0000
950680.0000
950760.0000
950840.0000
950920.0000
951000.0000
951080.0000
951160.0000
951240.0000
951320.0000
951400.0000
951480.0000
951560.0000
951640.0000
951720.0000
951800.0000
951880.0000
951960.0000
952040.0000
952120.0000
952200.0000
952280.0000
952360.0000
952440.0000
952520.0000
952600.0000
952680.0000
952760.0000
952840.0000
952920.0000
953000.0000
953080.0000
953160.0000
953240.0000
953320.0000
953400.0000
953480.0000
953560.0000
953640.0000
953720.0000
953800.0000
953880.0000
953960.0000
954040.0000
954120.0000
954200.0000
954280.0000
954360.0000
954440.0000
954520.0000
954600.0000
954680.0000
954760.0000
954840.0000
954920.0000
955000.0000
955080.0000
955160.0000
955240.0000
955320.0000
955400.0000
955480.0000
955560.0000
955640.0000
955720.0000
955800.0000
955880.0000
955960.0000
956040.0000
956120.0000
956200.0000
956280.0000
956360.0000
956440.0000
956520.0000
956600.0000
956680.0000
956760.0000
956840.0000
956920.0000
957000.0000
957080.0000
957160.0000
957240.0000
957320.0000
957400.0000
957480.0000
957560.0000
957640.0000
957720.0000
957800.0000
957880.0000
957960.0000
958040.0000
958120.0000
958200.0000
958280.0000
958360.0000
958440.0000
958520.0000
958600.0000
958680.0000
958760.0000
958840.0000
958920.0000
959000.0000
959080.0000
959160.0000
959240.0000
959320.0000
959400.0000
959480.0000
959560.0000
959640.0000
959720.0000
959800.0000
959880.0000
959960.0000
960040.0000
960120.0000
960200.0000
960280.0000
960360.0000
960440.0000
960520.0000
960600.0000
960680.0000
960760.0000
960840.0000
960920.0000
961000.0000
961080.0000
961160.0000
961240.0000
961320.0000
961400.0000
961480.0000
961560.0000
961640.0000
961720.0000
961800.0000
961880.0000
961960.0000
962040.0000
962120.0000
962200.0000
962280.0000
962360.0000
962440.0000
962520.0000
962600.0000
962680.0000
962760.0000
962840.0000
962920.0000
963000.0000
963080.0000
963160.0000
963240.0000
963320.0000
963400.0000
963480.0000
963560.0000
963640.0000
963720.0000
963800.0000
963880.0000
963960.0000
964040.0000
964120.0000
964200.0000
964280.0000
964360.0000
964440.0000
964520.0000
964600.0000
964680.0000
964760.0000
964840.0000
964920.0000
965000.0000
965080.0000
965160.0000
965240.0000
965320.0000
965400.0000
965480.0000
965560.0000
965640.0000
965720.0000
965800.0000
965880.0000
965960.0000
966040.0000
966120.0000
966200.0000
966280.0000
966360.0000
966440.0000
966520.0000
966600.0000
966680.0000
966760.0000
966840.0000
966920.0000
967000.0000
967080.0000
967160.0000
967240.0000
967320.0000
967400.0000
967480.0000
967560.0000
967640.0000
967720.0000
967800.0000
967880.0000
967960.0000
968040.0000
968120.0000
968200.0000
968280.0000
968360.0000
968440.0000
968520.0000
968600.0000
968920.0000
969000.0000
969080.0000
969160.0000
969240.0000
969320.0000
969400.0000
969480.0000
969560.0000
969640.0000
969720.0000
969800.0000
969880.0000
969960.0000
970040.0000
970120.0000
970200.0000
970280.0000
970360.0000
970440.0000
970520.0000
970600.0000
970680.0000
970760.0000
970840.0000
970920.0000
971000.0000
971080.0000
971160.0000
971240.0000
971320.0000
971400.0000
971480.0000
971560.0000
971640.0000
971720.0000
971800.0000
971880.0000
971960.0000
972040.0000
972120.0000
972200.0000
972280.0000
972360.0000
972440.0000
972520.0000
972600.0000
972680.0000
972760.0000
972840.0000
972920.0000
973000.0000
973080.0000
973160.0000
973240.0000
973320.0000
973400.0000
973480.0000
973560.0000
973640.0000
973720.0000
973800.0000
973880.0000
973960.0000
974040.0000
974120.0000
974200.0000
974280.0000
974360.0000
974440.0000
974520.0000
974600.0000
974680.0000
974760.0000
974840.0000
974920.0000
975000.0000
975080.0000
975160.0000
975240.0000
975320.0000
975400.0000
975480.0000
975560.0000
975640.0000
975720.0000
975800.0000
975880.0000
976040.0000
976120.0000
976200.0000
976280.0000
976360.0000
976440.0000
976520.0000
976600.0000
976680.0000
976760.0000
976840.0000
976920.0000
977000.0000
977080.0000
977160.0000
977240.0000
977320.0000
977400.0000
977480.0000
977560.0000
977640.0000
977720.0000
977800.0000
977880.0000
977960.0000
978040.0000
978120.0000
978200.0000
978280.0000
978360.0000
978440.0000
978520.0000
978600.0000
978680.0000
978760.0000
978840.0000
978920.0000
979000.0000
979080.0000
979160.0000
979240.0000
979320.0000
979400.0000
979480.0000
979560.0000
979640.0000
979720.0000
979800.0000
979880.0000
979960.0000
980040.0000
980120.0000
980200.0000
980280.0000
980360.0000
980440.0000
980520.0000
980600.0000
980680.0000
980760.0000
980840.0000
980920.0000
981000.0000
981080.0000
981160.0000
981240.0000
981320.0000
981400.0000
981480.0000
981560.0000
981640.0000
981720.0000
981800.0000
981880.0000
981960.0000
982040.0000
982120.0000
982200.0000
982280.0000
982360.0000
982440.0000
982520.0000
982600.0000
982680.0000
982760.0000
982840.0000
982920.0000
983000.0000
983080.0000
983160.0000
983240.0000
983320.0000
983400.0000
983480.0000
983560.0000
983640.0000
983720.0000
983800.0000
983880.0000
983960.0000
984040.0000
984120.0000
984200.0000
984280.0000
984360.0000
984440.0000
984520.0000
984600.0000
984680.0000
984760.0000
984840.0000
984920.0000
985000.0000
985080.0000
985160.0000
985240.0000
985320.0000
985400.0000
985480.0000
985560.0000
985640.0000
985720.0000
985800.0000
985880.0000
985960.0000
986040.0000
986120.0000
986200.0000
986280.0000
986360.0000
986440.0000
986520.0000
986600.0000
986680.0000
986760.0000
986840.0000
986920.0000
987000.0000
987080.0000
987160.0000
987240.0000
987320.0000
987400.0000
987480.0000
987880.0000
987960.0000
988040.0000
988120.0000
988200.0000
988280.0000
988360.0000
988440.0000
988520.0000
988600.0000
988680.0000
988760.0000
988840.0000
988920.0000
989000.0000
989080.0000
989160.0000
989240.0000
989320.0000
989400.0000
989480.0000
989560.0000
989640.0000
989720.0000
989800.0000
989880.0000
989960.0000
990040.0000
990120.0000
